#	06034B_C_02_3_20170813
# Obs. time:	13-Aug-2017 23:29:30
# Duration:	10.8504
#=========================================================
# Per[s]	PerErr[s]	ADUerr	MAGerr	Points	Exp[s]	APD[s]	MedPD[s]	ModePD[s]	STDPD[s]
#95.985	0.0025	471.4087	0.012168	213	1	3.0709	3.024	3.024	3.9033
#=========================================================
# Time	ADU	ADU_err	MAG	MAG_err

0	1	-5798.49	466.673	0.14793	0.0136139	
1.9872	1	-5916.31	460.233	0.13961	0.012784	
5.0112	1	-4009.67	467.59	0.0798361	0.0117537	
6.9984	1	4141.13	484.978	-0.107408	0.0100619	
10.0224	1	13522.7	486.886	-0.284036	0.00843801	
13.0464	1	12135.4	480.339	-0.260724	0.00845978	
15.984	1	8595.51	482.918	-0.199731	0.00902742	
18.0576	1	459.116	470.523	-0.0383171	0.0102697	
20.9952	1	-5504.31	465.192	0.0981572	0.0116619	
24.0192	1	-6318.5	463.674	0.117483	0.0120292	
27.0432	1	2607	481.913	-0.0963606	0.0104573	
29.9808	1	14261.2	484.895	-0.330277	0.00864043	
32.0544	1	-9493.25	462.036	0.207925	0.0136913	
34.992	1	-13264.7	456.19	0.331386	0.0154143	
38.016	1	-11572.5	452.871	0.280396	0.014846	
41.04	1	-14559.3	452.554	0.389847	0.016655	
43.0272	1	-15487.1	453.404	0.429232	0.0174527	
46.0512	1	-12783.3	455.769	0.334654	0.0162625	
48.9888	1	-4945.71	466.265	0.0870035	0.0133599	
52.0128	1	25097.3	499.169	-0.549512	0.0080114	
54	1	1742.64	475.533	-0.0898301	0.0116917	
57.024	1	-1987.3	470.307	0.0061862	0.0126701	
60.048	1	1596.86	462.617	-0.0863514	0.0114553	
62.9856	1	5749.06	478.31	-0.184515	0.0108106	
65.0592	1	13860.3	488.995	-0.35354	0.00944406	
67.9968	1	41809.3	510.63	-0.78994	0.00657549	
71.0208	1	16706.6	480.071	-0.404857	0.00877218	
74.0448	1	8142.82	482.791	-0.234999	0.0102568	
76.032	1	-2970.1	465.902	0.0307987	0.0125904	
79.056	1	-6280.6	458.497	0.122788	0.0133932	
81.9936	1	-9058.04	458.493	0.205041	0.0143452	
85.0176	1	-13773.3	453.798	0.359906	0.0162533	
87.0048	1	-15006.1	458.764	0.40229	0.0170016	
90.0288	1	-16800.5	462.147	0.4662	0.0180324	
93.0528	1	-14005.2	453.81	0.358963	0.015929	
95.9904	1	-9193.19	459.604	0.200373	0.0138507	
97.9776	1	-6707.45	468.874	0.127297	0.0131569	
101.002	1	-2070.18	471.491	0.00428323	0.0117468	
104.026	1	6768.79	481.751	-0.195399	0.00993725	
107.05	1	18645.8	496.982	-0.414925	0.00834045	
109.037	1	17856.7	490.373	-0.400871	0.00831812	
112.061	1	13411.8	481.146	-0.322013	0.00875292	
114.998	1	2607.59	474.49	-0.105055	0.0105226	
118.022	1	-2277.15	471.008	0.0089945	0.0115916	
120.01	1	-3534.25	464.588	0.0403269	0.0117668	
123.034	1	7133.06	471.207	-0.201104	0.00956	
126.058	1	13599.7	481.91	-0.325404	0.00873128	
128.995	1	-10142	461.839	0.222739	0.0138917	
130.982	1	-15429.5	457.069	0.395477	0.0161479	
134.006	1	-13937.8	454.224	0.345239	0.0153722	
137.03	1	-15718.9	460.038	0.409095	0.0165765	
140.054	1	-17069.3	451.499	0.461368	0.0171471	
142.042	1	-14054.4	455.798	0.35383	0.0157277	
144.979	1	-4402.95	464.145	0.063717	0.0123218	
148.003	1	23791.8	492.516	-0.507771	0.0077663	
151.027	1	-1401.02	468.725	-0.0131406	0.0117229	
153.014	1	-4163.81	470.114	0.0585989	0.012609	
156.038	1	-992.228	473.367	-0.023229	0.0118441	
159.062	1	4135.36	477.911	-0.145067	0.0107518	
162	1	12417.2	482.969	-0.31836	0.00931531	
165.024	1	44171.9	511.206	-0.807097	0.00632197	
167.011	1	17010.4	485.467	-0.406257	0.00871623	
170.035	1	7139.03	474.056	-0.213453	0.0102193	
173.059	1	-683.304	473.679	-0.0299229	0.0121522	
175.997	1	-6930.44	458.509	0.144667	0.0138772	
177.984	1	-7058.63	463.5	0.149337	0.0141283	
181.008	1	-12412	459.581	0.328249	0.0165828	
184.032	1	-13168.8	452.047	0.357934	0.0168203	
187.056	1	-13421.7	452.905	0.369213	0.0170773	
245.981	1	8399.52	475.177	-0.234074	0.00987605	
249.005	1	-4524.6	460.914	0.0741054	0.0126646	
250.992	1	-2353.98	462.549	0.0159701	0.0120104	
254.016	1	1186.31	473.762	-0.0719741	0.0112931	
257.04	1	8588.04	480.47	-0.234533	0.00981711	
259.978	1	13081	482.664	-0.321508	0.00906549	
262.051	1	15852.5	494.289	-0.371467	0.00884175	
264.989	1	11908.8	480.582	-0.297531	0.00916803	
268.013	1	-764.227	477.328	-0.0239179	0.0116739	
271.037	1	-5847.77	463.187	0.1078	0.0127472	
273.024	1	-11128.9	454.799	0.263282	0.0144149	
276.048	1	-13630.4	457.718	0.344563	0.0155924	
278.986	1	-14667.8	453.213	0.379496	0.0159068	
282.01	1	-17097	451.74	0.46716	0.0171536	
283.997	1	-17712.3	452.386	0.490114	0.0175254	
287.021	1	-12066.2	453.802	0.290404	0.014606	
290.045	1	-9027.66	461.959	0.196554	0.0136234	
292.982	1	-3911	467.297	0.0552269	0.0120913	
295.056	1	2338.19	472.061	-0.0954952	0.010629	
297.994	1	13390.7	494.312	-0.319571	0.00905427	
301.018	1	35729.7	514.845	-0.666987	0.0068502	
304.042	1	14934.5	488.683	-0.347849	0.00872965	
306.979	1	10024.6	480.608	-0.256664	0.00934652	
309.053	1	1053.95	478.861	-0.0665865	0.0111037	
311.99	1	-3265.53	478.287	0.0384696	0.0122345	
315.014	1	-295.635	480.238	-0.0351072	0.0114993	
318.038	1	35068.6	511.621	-0.66213	0.00688966	
320.026	1	-1115.47	470.947	-0.0155094	0.0115206	
323.05	1	-11009.8	457.779	0.258862	0.0144506	
325.987	1	-13701.7	460.408	0.348158	0.0158162	
329.011	1	-12865.2	454.577	0.320583	0.0152624	
330.998	1	-16837.9	456.751	0.463765	0.0175267	
334.022	1	-15805.1	451.609	0.426041	0.0167813	
337.046	1	-8916.58	461.95	0.196646	0.0139327	
339.984	1	5178.56	477.072	-0.162568	0.0103618	
342.058	1	6358.88	476.663	-0.188268	0.0101285	
344.995	1	-3489.47	466.72	0.0442038	0.0123149	
348.019	1	-2940.52	467.756	0.0297815	0.0122084	
351.043	1	1620.79	475.08	-0.0834589	0.0111966	
353.03	1	10871.4	480.343	-0.282535	0.00943718	
356.054	1	16058	491.312	-0.380634	0.00883604	
358.992	1	18274.6	492.224	-0.42045	0.0085482	
362.016	1	13415.3	484.406	-0.333124	0.00913089	
364.003	1	263.004	467.835	-0.0518089	0.0114366	
367.027	1	-4285.59	464.973	0.0654406	0.0126769	
370.051	1	-9721.67	463.489	0.224833	0.0146467	
372.989	1	-13074.3	455.847	0.336334	0.0159717	
375.062	1	-13766.6	451.209	0.360818	0.0161732	
378	1	-15564.6	453.623	0.427073	0.0172839	
381.024	1	-13681.5	457.096	0.357284	0.0163284	
384.048	1	-9619.31	454.025	0.220763	0.0142951	
386.035	1	-6337.66	462.965	0.121882	0.0133012	
389.059	1	-2066.79	462.124	0.00545928	0.0119154	
391.997	1	4734.15	474.635	-0.157059	0.0105241	
395.021	1	15297.9	492.697	-0.368807	0.00897562	
397.008	1	35348.7	504.23	-0.683171	0.00686898	
400.032	1	14476.9	492.166	-0.353042	0.00907042	
403.056	1	9182.87	479.984	-0.250466	0.00970268	
405.994	1	2620.93	476.713	-0.108878	0.0109555	
407.981	1	-1063.13	473.477	-0.0207715	0.0117831	
414.029	1	34351.9	502.2	-0.663695	0.00687945	
417.053	1	-2637.53	467.996	0.0187527	0.0119895	
419.04	1	-11470.7	463.066	0.271973	0.0149543	
421.978	1	-13022.4	464.963	0.322326	0.0156898	
425.002	1	-13542.6	460.036	0.339029	0.015725	
428.026	1	-17224.3	445.728	0.4714	0.0171701	
431.05	1	-15291.4	455.585	0.398339	0.0163701	
433.037	1	-9027.73	457.122	0.193552	0.0135824	
436.061	1	7697.44	483.134	-0.215164	0.00983197	
438.998	1	4323.44	479.01	-0.143911	0.0103906	
442.022	1	-3913.63	470.407	0.0513438	0.0121946	
444.01	1	-4400.63	468.498	0.0640688	0.0122769	
447.034	1	701.894	467.687	-0.0618263	0.0109008	
450.058	1	9957.72	483.166	-0.258274	0.00938912	
454.982	1	15737.2	487.974	-0.364701	0.00859001	
458.006	1	10960.1	488.543	-0.277015	0.00932252	
461.03	1	-1730.19	472.992	-0.00283754	0.0116213	
468.979	1	-14965.6	460.797	0.385353	0.0162224	
472.003	1	-13825.5	464.539	0.34677	0.0158047	
475.027	1	-17843.3	454.782	0.494218	0.0177527	
477.014	1	-15360.5	454.425	0.402179	0.016317	
480.038	1	-9141.41	463.846	0.199808	0.0138515	
483.062	1	-7867.05	471.154	0.16305	0.0136323	
486	1	-2480.58	463.707	0.0176733	0.0117633	
487.987	1	3818.39	473.939	-0.13148	0.0104973	
491.011	1	17638.1	487.112	-0.401867	0.00843285	
494.035	1	33783.1	509.239	-0.651778	0.00702222	
497.059	1	16522.7	486.599	-0.383822	0.00861156	
499.046	1	6134.7	477.164	-0.182578	0.0101822	
501.984	1	909.521	471.637	-0.0648984	0.0112449	
505.008	1	-977.415	470.202	-0.0188051	0.0117261	
508.032	1	2684.11	475.382	-0.106552	0.0109601	
510.019	1	34568.9	503.358	-0.668569	0.00692549	
513.043	1	-4616.54	462.716	0.0768723	0.0126733	
515.981	1	-12114.9	455.17	0.305222	0.0154087	
519.005	1	-11937.5	452.438	0.29977	0.0152585	
522.029	1	-12288.7	455.825	0.312045	0.0155608	
524.016	1	-15971.6	458.049	0.445855	0.0176934	
527.04	1	-12861.6	455.226	0.33193	0.0158348	
529.978	1	-7314.72	465.633	0.154201	0.0137466	
533.002	1	12938	488.562	-0.321976	0.00929504	
534.989	1	6599.58	482.611	-0.19409	0.0103214	
538.013	1	-2312.49	468.2	0.0152821	0.0121234	
541.037	1	-2028.97	464.121	0.00772296	0.0119097	
544.061	1	2994.5	474.759	-0.114048	0.0108629	
546.048	1	11576.3	482.927	-0.294197	0.00934293	
548.986	1	17576.9	494.186	-0.403666	0.00861756	
552.01	1	15006.7	483.842	-0.35708	0.00877698	
555.034	1	8589.34	485.465	-0.233438	0.00983268	
557.021	1	-1247.03	466.326	-0.0135144	0.0115371	
560.045	1	-8348.69	458.592	0.177028	0.0134709	
562.982	1	-11927.3	459.128	0.285984	0.0148558	
566.006	1	-15032.8	450.654	0.389283	0.0159794	
567.994	1	-14491.7	462.222	0.369008	0.0160507	
571.018	1	-18620.3	459.374	0.520249	0.0182803	
574.042	1	-16003.1	447.296	0.419089	0.0161754	
576.979	1	-9956.33	466.998	0.219104	0.0140215	
579.053	1	-7670.38	464.228	0.152207	0.0130946	
581.99	1	-2015.01	469.801	0.00311787	0.0115464	
585.014	1	3993.33	478.341	-0.135617	0.0103516	
588.038	1	16472	488.659	-0.377464	0.00847729	
590.026	1	26819.3	497.381	-0.544405	0.00741168	
593.05	1	16018.4	496.263	-0.371456	0.00870373	
595.987	1	7279.43	478.403	-0.207189	0.00980729	
599.011	1	169.237	471.998	-0.0509656	0.0112411	
600.998	1	-2681.15	475.271	0.0192942	0.0121311	
604.022	1	3636.57	475.38	-0.131812	0.0106395	
607.046	1	35023.4	511.661	-0.677587	0.00698598	
609.984	1	-4227.36	462.941	0.0623043	0.0126021	
612.058	1	-11032.4	460.623	0.267873	0.015244	
614.995	1	-10882.3	458.919	0.266382	0.0152886	
618.019	1	-11581.8	454.842	0.293523	0.0156449	
621.043	1	-14356.6	450.078	0.397069	0.0171107	
623.03	1	-12976.5	453.733	0.347173	0.0164965	
626.054	1	-5097.83	458.64	0.0935701	0.0131787	
628.992	1	17209.8	488.507	-0.407366	0.00878407	
632.016	1	2766.14	475.199	-0.108706	0.011079	
634.003	1	-4601.73	462.969	0.0772534	0.0126139	
637.027	1	-3393.2	473.804	0.0442385	0.0121087	
640.051	1	502.244	467.914	-0.0458803	0.010485	
642.989	1	5255.71	480.343	-0.132633	0.00931528	
645.062	1	9444.97	491.42	-0.192269	0.00851238	
648	1	3799.73	490.139	-0.0597168	0.00865441	
651.024	1	-9063.33	480.919	0.218331	0.00957672	
