#	08022B_R_2_3_4_20180321
# Obs. time:	21-Mar-2018 21:32:46
# Duration:	20.1586
#=========================================================
# Per[s]	PerErr[s]	ADUerr	MAGerr	Points	Exp[s]	APD[s]	MedPD[s]	ModePD[s]	STDPD[s]
#130.442	0.0005	93.5758	0.016248	381	0.94252	3.1829	2.6784	2.6784	3.1086
#=========================================================
# Time	ADU	ADU_err	MAG	MAG_err

0	1	7308.34	101.405	15.3405	0.0150648	
2.2464	1	7577.57	102.868	15.3012	0.0147393	
5.0112	1	7805.78	103.789	15.269	0.0144364	
7.6896	1	7777.62	103.311	15.2729	0.014422	
13.2192	1	6530.25	97.1346	15.4627	0.0161498	
15.984	1	6694.37	98.1261	15.4357	0.0159147	
18.7488	1	5813.03	92.8721	15.589	0.0173463	
21.5136	1	5314.9	91.501	15.6863	0.018692	
24.2784	1	5410.25	90.9444	15.667	0.0182509	
26.9568	1	5858.07	93.8328	15.5806	0.017391	
29.7216	1	6388.17	96.6786	15.4866	0.0164315	
32.5728	1	6530.63	97.1883	15.4626	0.0161578	
35.2512	1	6922.6	99.9826	15.3993	0.0156812	
38.016	1	5815.58	93.7994	15.5885	0.0175118	
40.7808	1	4958.4	89.0022	15.7616	0.0194887	
43.632	1	4955.02	88.308	15.7624	0.0193499	
46.3104	1	4839.48	87.4373	15.788	0.0196166	
49.0752	1	5043.67	89.6365	15.7431	0.0192958	
51.84	1	5320.24	91.8987	15.6852	0.0187544	
54.6048	1	5380.07	91.5499	15.673	0.0184754	
57.2832	1	5431.7	92.6686	15.6627	0.0185234	
60.048	1	6092.83	95.3495	15.538	0.0169912	
62.8128	1	6845.9	99.0111	15.4114	0.0157028	
65.5776	1	8043.5	104.054	15.2364	0.0140456	
68.3424	1	8013.18	104.348	15.2405	0.0141384	
71.1072	1	7815.13	104.252	15.2677	0.0144835	
73.872	1	7727.98	103.897	15.2798	0.014597	
76.5504	1	6796.59	98.735	15.4193	0.0157726	
79.3152	1	6520.9	96.9473	15.4642	0.0161418	
82.08	1	6428.06	97.2722	15.4798	0.0164298	
84.8448	1	5513.12	92.3808	15.6465	0.0181932	
87.6096	1	5386.58	91.2785	15.6717	0.0183984	
93.1392	1	6002.43	93.7731	15.5542	0.0169619	
95.904	1	6650.26	97.422	15.4429	0.0159053	
98.6688	1	6552.43	97.0468	15.459	0.0160806	
101.434	1	6196.82	95.8793	15.5196	0.0167989	
109.642	1	4986.18	89.1266	15.7556	0.0194072	
112.406	1	5008.54	88.9588	15.7507	0.0192842	
115.171	1	5303.28	90.6973	15.6886	0.0185684	
117.936	1	5313.12	91.1117	15.6866	0.0186187	
120.701	1	5789.79	93.7078	15.5933	0.0175726	
123.466	1	5512.38	92.5007	15.6467	0.0182193	
126.23	1	6531.64	97.2709	15.4624	0.0161691	
128.909	1	7259.85	100.88	15.3477	0.0150869	
131.674	1	7902.67	104.345	15.2556	0.0143359	
134.438	1	8044.31	104.52	15.2363	0.014107	
137.203	1	7856.37	103.915	15.2619	0.0143608	
139.968	1	7257.86	100.861	15.348	0.0150883	
145.498	1	6490.14	96.3456	15.4694	0.0161177	
148.262	1	6077.9	95.7337	15.5406	0.0171016	
151.027	1	5642.13	91.7815	15.6214	0.0176619	
156.47	1	5645.15	92.4619	15.6208	0.0177833	
159.235	1	6109.91	94.9138	15.5349	0.0168663	
162	1	6182.18	96.2038	15.5221	0.0168957	
164.765	1	6698.43	97.6617	15.4351	0.0158298	
167.53	1	5772.83	93.0704	15.5965	0.0175044	
170.294	1	5005.03	89.7019	15.7515	0.0194589	
178.589	1	4835.05	89.0784	15.789	0.0200031	
181.267	1	4926.94	89.2919	15.7686	0.019677	
184.032	1	5217.98	90.5882	15.7062	0.0188492	
186.797	1	5352.64	91.4898	15.6786	0.0185579	
189.562	1	5957.8	93.7465	15.5623	0.0170841	
192.326	1	6580.5	97.6493	15.4544	0.0161114	
195.091	1	7549.76	101.692	15.3052	0.0146244	
197.856	1	8062.39	104.426	15.2338	0.0140627	
206.15	1	7193.6	100.113	15.3576	0.0151102	
208.829	1	6609.12	99.4085	15.4496	0.0163307	
211.594	1	6388.22	96.9084	15.4866	0.0164705	
214.358	1	5966.54	94.4987	15.5607	0.017196	
217.123	1	5473.32	92.0264	15.6544	0.0182552	
219.888	1	5336.82	90.8541	15.6818	0.0184836	
222.653	1	5862.17	93.5623	15.5799	0.0173287	
225.418	1	6403.37	97.9719	15.484	0.0166118	
228.182	1	6507.35	97.7952	15.4665	0.0163169	
230.947	1	6841.28	99.0777	15.4122	0.015724	
233.626	1	5569.71	92.4488	15.6354	0.0180216	
236.39	1	4939.67	88.8738	15.7658	0.0195344	
239.155	1	5018.12	89.5817	15.7486	0.0193822	
241.92	1	4969.29	90.0762	15.7593	0.0196807	
244.685	1	5161.32	90.0496	15.7181	0.0189428	
247.45	1	5386.4	91.573	15.6718	0.0184584	
250.214	1	5636.19	93.368	15.6225	0.0179861	
252.979	1	5608.83	92.072	15.6278	0.0178229	
255.658	1	6011.02	95.1915	15.5526	0.0171939	
258.422	1	6754.11	99.3338	15.4261	0.0159681	
261.187	1	7863	104.315	15.261	0.014404	
263.952	1	7978.53	104.044	15.2452	0.0141586	
266.717	1	7978.03	104.798	15.2453	0.0142621	
269.482	1	7805.09	103.554	15.2691	0.014405	
272.246	1	6743.56	99.0952	15.4278	0.0159547	
275.011	1	6434.88	96.9122	15.4786	0.0163517	
277.69	1	6572.98	97.9785	15.4556	0.0161843	
280.454	1	5749.89	94.0469	15.6009	0.0177586	
283.219	1	5563.71	92.148	15.6366	0.0179823	
285.984	1	5409.58	90.9135	15.6671	0.0182469	
288.749	1	6036.76	95.3099	15.548	0.0171419	
291.514	1	6708.29	98.5006	15.4335	0.0159423	
294.278	1	6808.67	98.6426	15.4173	0.0157299	
297.043	1	6195.26	94.7028	15.5199	0.0165969	
299.808	1	5667.1	93.7602	15.6166	0.0179631	
305.251	1	4786.98	87.9125	15.7998	0.0199395	
308.016	1	5043.85	88.9531	15.7431	0.019148	
310.781	1	5247.12	90.0432	15.7002	0.0186318	
313.546	1	5280.49	89.8798	15.6933	0.0184804	
316.31	1	5706	92.2965	15.6092	0.0175621	
319.075	1	5816.63	92.8806	15.5883	0.0173372	
321.84	1	6559.85	97.4743	15.4578	0.0161332	
324.605	1	7553.66	102.229	15.3046	0.014694	
327.283	1	8061.21	105.173	15.234	0.0141653	
330.048	1	7910.71	104.014	15.2545	0.0142758	
332.813	1	7861.96	103.607	15.2612	0.0143081	
335.578	1	7606.82	102.605	15.297	0.014645	
338.342	1	6749.64	98.3486	15.4268	0.0158202	
341.107	1	6442.96	96.7097	15.4773	0.0162971	
346.637	1	5345.05	92.1847	15.6801	0.0187254	
349.402	1	5188.77	90.206	15.7123	0.0188754	
352.166	1	5595.5	92.3858	15.6304	0.0179263	
354.931	1	6551.19	96.9729	15.4592	0.0160714	
357.61	1	6621.44	98.1849	15.4476	0.0160997	
360.374	1	6881.85	98.9556	15.4057	0.015612	
363.139	1	5770.58	94.0041	15.597	0.0176869	
365.904	1	5248.24	90.6608	15.7	0.0187556	
368.669	1	4820.43	88.1899	15.7923	0.0198636	
371.434	1	5008.24	89.2183	15.7508	0.0193417	
374.198	1	5201.67	90.9782	15.7096	0.0189897	
379.642	1	5281.79	91.4173	15.693	0.018792	
382.406	1	5555.84	91.5395	15.6381	0.0178889	
387.936	1	6643.74	97.5055	15.444	0.0159346	
390.701	1	8068.24	104.615	15.2331	0.0140779	
393.466	1	7977.55	105.319	15.2453	0.0143338	
396.23	1	7817.47	103.51	15.2673	0.014376	
398.995	1	7651.68	103.567	15.2906	0.0146957	
401.674	1	6903.83	99.613	15.4023	0.0156657	
404.525	1	6539.15	98.0106	15.4612	0.0162733	
407.29	1	6500.4	96.9641	15.4677	0.0161955	
409.968	1	5850.44	94.0138	15.582	0.0174473	
412.733	1	5734.04	93.9163	15.6038	0.017783	
415.498	1	5511.95	92.201	15.6467	0.0181616	
418.262	1	5994.45	94.6338	15.5556	0.0171404	
421.027	1	6571.24	98.6034	15.4559	0.0162918	
423.792	1	6508.14	97.6169	15.4664	0.0162852	
426.557	1	6883.38	99.8483	15.4055	0.0157494	
429.322	1	5671.31	93.2967	15.6158	0.0178611	
432	1	4997.19	89.4779	15.7532	0.0194408	
434.765	1	4925.74	88.6747	15.7688	0.0195457	
437.53	1	4941.2	88.2609	15.7654	0.0193937	
440.294	1	5380.72	91.6882	15.6729	0.0185011	
443.059	1	5564.2	92.007	15.6365	0.0179532	
445.824	1	5883.63	93.9152	15.5759	0.0173307	
448.589	1	5615.48	93.0305	15.6265	0.0179872	
451.267	1	6030.32	94.4415	15.5491	0.0170038	
454.032	1	7053.44	100.509	15.379	0.0154714	
456.883	1	8193.75	105.703	15.2163	0.0140064	
462.326	1	8067.92	104.616	15.2331	0.0140787	
465.091	1	7637.34	103.944	15.2926	0.0147769	
470.621	1	6517.3	97.4012	15.4648	0.0162264	
473.386	1	6230.5	95.8598	15.5137	0.0167047	
476.15	1	5630.61	92.2473	15.6236	0.0177878	
478.915	1	5421.56	92.2487	15.6647	0.018474	
481.594	1	5513.59	91.704	15.6464	0.0180584	
489.888	1	6649.22	97.8048	15.4431	0.0159703	
492.653	1	6312.62	97.5889	15.4995	0.0167848	
542.419	0.9	5775.21	88.7568	15.5961	0.0166862	
544.579	0.9	5494.88	87.4581	15.6501	0.0172809	
547.258	0.9	5974.42	89.4999	15.5593	0.0162649	
549.85	0.9	6426.78	93.0209	15.48	0.0157149	
552.528	0.9	6911.55	94.967	15.4011	0.0149184	
555.206	0.9	7114.23	94.9531	15.3697	0.0144912	
557.798	0.9	6548.83	92.2107	15.4596	0.0152877	
560.477	0.9	5484.09	87.5132	15.6522	0.0173258	
563.155	0.9	4957.53	84.4935	15.7618	0.0185047	
565.834	0.9	4860.84	84.3456	15.7832	0.0188398	
568.426	0.9	5057.12	85.7227	15.7402	0.0184042	
571.104	0.9	5389.53	86.861	15.6711	0.0174984	
573.782	0.9	5389.86	86.9162	15.6711	0.0175084	
576.547	0.9	5636.9	88.177	15.6224	0.016984	
581.731	0.9	6106.75	91.4356	15.5355	0.0162566	
584.41	0.9	7294.96	96.4555	15.3424	0.0143558	
587.088	0.9	8122.55	100.767	15.2258	0.0134695	
589.68	0.9	8039.63	100.861	15.2369	0.0136211	
595.037	0.9	7922.77	98.6329	15.2528	0.0135166	
597.629	0.9	6827.4	94.037	15.4144	0.0149544	
600.307	0.9	6367.89	91.8503	15.49	0.0156606	
605.664	0.9	6090.89	90.9239	15.5383	0.0162077	
608.342	0.9	5404.54	87.1572	15.6681	0.0175093	
610.934	0.9	5372.29	87.2513	15.6746	0.0176334	
613.613	0.9	6099.88	90.5333	15.5367	0.0161143	
616.205	0.9	6479.58	92.8073	15.4711	0.015551	
618.97	0.9	6590.95	92.8597	15.4526	0.0152969	
621.562	0.9	7192.48	95.4764	15.3578	0.0144126	
624.24	0.9	5854.62	89.6258	15.5813	0.0166211	
626.918	0.9	5241.98	86.1116	15.7013	0.0178357	
632.189	0.9	5139.8	85.5371	15.7226	0.018069	
634.867	0.9	5245.92	86.2096	15.7004	0.0178426	
637.459	0.9	5421.18	86.4373	15.6648	0.0173114	
640.138	0.9	5541.63	86.5382	15.6409	0.0169549	
645.408	0.9	5823.3	89.5905	15.5871	0.0167039	
648.086	0.9	6893.53	93.8575	15.4039	0.0147826	
650.765	0.9	7633.76	97.9232	15.2932	0.0139274	
653.443	0.9	8166.92	100.151	15.2199	0.0133145	
656.035	0.9	7782.61	98.3975	15.2722	0.0137272	
658.714	0.9	7913.17	98.374	15.2541	0.0134975	
661.392	0.9	7510.67	96.7332	15.3108	0.0139837	
664.07	0.9	6961.6	94.4661	15.3932	0.014733	
666.749	0.9	6149.6	91.3062	15.5279	0.0161205	
672.019	0.9	5741.84	88.56	15.6024	0.016746	
674.698	0.9	5432.44	87.1612	15.6625	0.0174202	
677.29	0.9	5639.02	88.3992	15.622	0.0170204	
679.968	0.9	6198.08	90.3526	15.5194	0.0158273	
682.646	0.9	6632.72	92.8484	15.4458	0.0151987	
685.325	0.9	6823.22	93.9166	15.415	0.0149444	
687.917	0.9	6372.25	91.6489	15.4893	0.0156156	
690.595	0.9	5945.53	89.771	15.5645	0.0163934	
693.274	0.9	5159.16	84.8857	15.7186	0.0178641	
695.952	0.9	5068.51	85.0844	15.7378	0.0182261	
698.544	0.9	5077.62	84.8998	15.7358	0.0181539	
701.222	0.9	5485.75	87.2441	15.6519	0.0172673	
703.901	0.9	5495.42	88.4641	15.65	0.017478	
706.579	0.9	5733.96	88.8598	15.6039	0.0168258	
709.171	0.9	5993.6	90.5832	15.5558	0.0164091	
711.85	0.9	6211.25	91.5912	15.5171	0.0160103	
714.528	0.9	7052.63	94.9388	15.3791	0.0146156	
717.12	0.9	8322.53	100.948	15.1994	0.0131695	
719.798	0.9	8143.63	100.085	15.223	0.0133437	
722.477	0.9	8325.65	101.992	15.199	0.0133006	
733.104	0.9	6744.04	93.8378	15.4277	0.0151071	
735.696	0.9	6203.86	91.1258	15.5183	0.0159479	
738.461	0.9	5707.92	88.8697	15.6088	0.0169044	
741.053	0.9	5550.43	88.1721	15.6392	0.0172476	
743.731	0.9	6103.58	91.2442	15.536	0.016231	
746.323	0.9	6944.07	94.7184	15.396	0.0148096	
749.002	0.9	6898.38	94.207	15.4031	0.0148272	
751.68	0.9	7149.26	95.4637	15.3643	0.0144978	
754.358	0.9	5832.84	89.4584	15.5853	0.016652	
756.95	0.9	5194.53	86.3772	15.7111	0.0180541	
759.629	0.9	5164.51	85.6884	15.7174	0.0180143	
762.307	0.9	5277.63	84.8274	15.6939	0.017451	
764.899	0.9	5192.72	85.7759	15.7115	0.0179347	
770.256	0.9	5460.22	87.4838	15.657	0.0173957	
772.934	0.9	5403.18	87.1976	15.6684	0.0175218	
775.526	0.9	5874.55	89.7138	15.5776	0.0165809	
778.205	0.9	6582.41	91.5015	15.454	0.0150927	
783.562	0.9	8447.63	101.333	15.1832	0.0130239	
786.24	0.9	8062.9	99.685	15.2338	0.0134234	
788.832	0.9	8096.36	101.033	15.2293	0.0135487	
791.51	0.9	7681.55	97.8509	15.2864	0.0138306	
794.189	0.9	7091.74	94.3787	15.3731	0.0144493	
796.781	0.9	6609.56	92.2316	15.4496	0.0151506	
799.459	0.9	6533	92.4785	15.4622	0.0153692	
802.138	0.9	5863.1	88.5901	15.5797	0.0164052	
804.816	0.9	5626.85	88.1808	15.6243	0.017015	
807.408	0.9	5686.29	88.3562	15.6129	0.0168707	
810.086	0.9	6185.91	90.4911	15.5215	0.0158828	
812.765	0.9	6730.93	93.6075	15.4298	0.0150994	
815.443	0.9	7144.97	95.8815	15.365	0.01457	
818.035	0.9	6652.43	93.0602	15.4425	0.0151883	
820.714	0.9	5736.11	88.1178	15.6035	0.016679	
826.07	0.9	5148.65	85.4296	15.7208	0.0180152	
828.662	0.9	4916.22	83.6182	15.7709	0.0184669	
831.341	0.9	5254.76	85.5886	15.6986	0.0176843	
834.019	0.9	5945.52	89.478	15.5645	0.01634	
839.29	0.9	5640.86	88.1003	15.6216	0.0169573	
841.968	0.9	5950.84	89.8434	15.5636	0.016392	
844.646	0.9	7129.57	94.9587	15.3673	0.0144609	
847.238	0.9	8437.33	101.247	15.1845	0.0130288	
849.917	0.9	8410.75	101.053	15.1879	0.0130449	
852.595	0.9	8365.79	100.166	15.1937	0.0129998	
855.187	0.9	8388.9	100.982	15.1907	0.0130697	
857.952	0.9	7559.8	98.2324	15.3037	0.0141081	
894.067	0.9	4918.89	84.0364	15.7703	0.0185492	
896.141	0.9	5383.28	86.9599	15.6724	0.0175387	
898.819	0.9	5417.04	87.8956	15.6656	0.0176169	
901.498	0.9	5871.82	88.4098	15.5781	0.0163475	
904.176	0.9	5788.55	88.3955	15.5936	0.01658	
906.768	0.9	6123.28	90.7002	15.5325	0.0160823	
909.446	0.9	7123.17	95.2735	15.3683	0.0145219	
912.125	0.9	7982.12	99.6103	15.2447	0.0135491	
914.717	0.9	8266.42	100.143	15.2067	0.0131531	
917.395	0.9	8368.68	100.67	15.1934	0.0130607	
920.16	0.9	8238.33	100.559	15.2104	0.0132528	
922.752	0.9	7522.57	97.2576	15.3091	0.0140372	
925.43	0.9	6766.66	93.4877	15.4241	0.0150005	
928.022	0.9	6770.56	93.6489	15.4234	0.0150177	
930.701	0.9	6436.53	91.7317	15.4784	0.0154736	
933.379	0.9	5758.17	88.6382	15.5993	0.0167132	
936.058	0.9	5856.5	88.4082	15.5809	0.01639	
938.65	0.9	6245.56	90.7381	15.5111	0.015774	
941.328	0.9	6515.62	91.1534	15.4651	0.0151894	
944.006	0.9	6859.34	94.1438	15.4093	0.0149016	
949.277	0.9	6493.89	92.6359	15.4687	0.0154881	
951.955	0.9	5844.19	88.3483	15.5832	0.0164134	
957.226	0.9	5063.18	84.9775	15.7389	0.0182224	
959.904	0.9	5242.41	84.7975	15.7012	0.0175621	
962.582	0.9	5221.86	85.9384	15.7054	0.0178684	
965.261	0.9	5278.75	85.5582	15.6937	0.0175976	
967.853	0.9	5783.86	88.1104	15.5945	0.0165399	
970.531	0.9	5757.36	88.4563	15.5994	0.0166813	
973.21	0.9	6163.5	90.3292	15.5254	0.015912	
975.888	0.9	7386.67	95.8331	15.3289	0.0140861	
978.48	0.9	8293.89	101.178	15.2031	0.0132451	
981.158	0.9	8373.66	100.264	15.1927	0.0130003	
983.75	0.9	8082.6	100.396	15.2311	0.0134862	
986.429	0.9	8037.22	99.7445	15.2372	0.0134743	
989.107	0.9	7059.88	94.7947	15.378	0.0145784	
991.786	0.9	6626.11	91.7597	15.4469	0.0150355	
994.464	0.9	6679.24	93.5528	15.4382	0.0152074	
997.056	0.9	6270.94	90.6613	15.5067	0.0156969	
999.734	0.9	5992.87	89.7298	15.5559	0.0162565	
1002.41	0.9	5631.04	87.4669	15.6235	0.0168647	
1005.09	0.9	6319.64	90.6545	15.4983	0.0155748	
1010.36	0.9	7009.53	94.3668	15.3858	0.0146169	
1013.04	0.9	7017.86	95.6423	15.3845	0.0147969	
1015.63	0.9	6093.88	89.8803	15.5378	0.0160138	
1018.31	0.9	5324.74	86.8158	15.6843	0.0177021	
1020.99	0.9	5120.42	85.4228	15.7267	0.0181131	
1023.67	0.9	4758.88	84.9768	15.8062	0.0193874	
1026.26	0.9	5499.87	87.4264	15.6491	0.0172589	
1028.94	0.9	5611.36	88.5906	15.6273	0.0171413	
1031.62	0.9	5681.71	87.5985	15.6138	0.0167395	
1034.29	0.9	5917.61	88.6264	15.5696	0.0162608	
1036.89	0.9	5687.82	89.1194	15.6126	0.0170118	
1039.56	0.9	6833.7	94.5618	15.4134	0.015024	
1042.24	0.9	8095.25	100.259	15.2294	0.0134468	
1044.84	0.9	8210.77	100.853	15.214	0.0133361	
1047.51	0.9	8310.39	101.366	15.2009	0.0132433	
1050.19	0.9	8222.38	99.6543	15.2125	0.013159	
1052.87	0.9	7674.8	97.3248	15.2873	0.0137683	
1055.46	0.9	7153.05	96.2149	15.3638	0.0146041	
1058.14	0.9	6611.28	93.7341	15.4493	0.0153935	
1060.82	0.9	6376.12	90.7389	15.4886	0.0154512	
1063.5	0.9	5857.13	89.7403	15.5808	0.0166352	
1066.18	0.9	5712.85	88.5042	15.6079	0.0168203	
1068.77	0.9	6296.75	91.1474	15.5022	0.0157164	
1071.45	0.9	6454.29	92.6276	15.4754	0.0155817	
1074.12	0.9	6767.41	93.425	15.4239	0.0149887	
1076.72	0.9	7172.06	95.4433	15.3609	0.0144486	
1079.4	0.9	6585.84	92.6216	15.4535	0.0152695	
1082.07	0.9	5979.76	89.7863	15.5583	0.0163024	
1084.75	0.9	5168.94	85.9596	15.7165	0.0180558	
1087.34	0.9	5195.47	85.9381	15.7109	0.0179591	
1090.02	0.9	5300.31	86.466	15.6892	0.017712	
1092.7	0.9	5766.24	88.418	15.5978	0.0166484	
1095.38	0.9	5616.41	87.45	15.6264	0.0169054	
1097.97	0.9	5835.35	89.0843	15.5848	0.0165752	
1100.65	0.9	6024.92	90.3171	15.5501	0.0162758	
1103.24	0.9	6594.11	93.101	15.4521	0.0153293	
1111.28	0.9	8244.59	99.8852	15.2096	0.013154	
1113.87	0.9	8066.57	98.521	15.2333	0.0132606	
1116.55	0.9	8112.41	99.5402	15.2271	0.0133221	
1119.23	0.9	6993.45	94.3422	15.3883	0.0146467	
1121.9	0.9	6721.94	92.2399	15.4313	0.0148987	
1124.58	0.9	6792.08	94.1139	15.42	0.0150444	
1127.26	0.9	6060.84	89.4724	15.5437	0.016028	
1129.85	0.9	5637.79	87.745	15.6222	0.0168981	
1132.53	0.9	5663.94	88.1073	15.6172	0.0168896	
1135.12	0.9	6001.48	90.2364	15.5544	0.0163248	
1143.16	0.9	7402.32	95.8722	15.3266	0.0140621	
1145.75	0.9	6211.66	90.1829	15.517	0.0157631	
1148.43	0.9	5243.63	86.4396	15.7009	0.017898	
1151.11	0.9	5339.2	86.0034	15.6813	0.0174889	
1153.79	0.9	5313.65	85.8504	15.6865	0.0175418	
1156.38	0.9	5393.62	87.3288	15.6703	0.0175793	
1159.06	0.9	5720.66	88.5668	15.6064	0.0168093	
1161.65	0.9	5773.77	88.36	15.5964	0.0166158	
1164.33	0.9	5765.76	89.6484	15.5979	0.0168815	
1169.68	0.9	7017.29	94.7659	15.3846	0.0146625	
1172.36	0.9	7988.96	99.3544	15.2438	0.0135027	
1174.95	0.9	8300.4	101.793	15.2023	0.013315	
1177.63	0.9	8170.44	100.524	15.2194	0.0133582	
1180.31	0.9	8511.13	101.233	15.175	0.012914	
1182.99	0.9	7683.33	97.8617	15.2861	0.0138289	
1185.58	0.9	7110.11	94.863	15.3703	0.0144859	
1188.26	0.9	6486.73	93.2687	15.4699	0.0156111	
1190.94	0.9	6580.08	92.9238	15.4544	0.0153328	
1193.53	0.9	5958.38	89.1808	15.5622	0.0162505	
1196.21	0.9	5605.76	89.3019	15.6284	0.0172962	
1198.89	0.9	5690.61	89.233	15.6121	0.0170252	
1201.56	0.9	6518.45	92.4741	15.4646	0.0154028	
1204.16	0.9	6857	94.0014	15.4097	0.0148842	
1206.84	0.9	6780.19	93.544	15.4219	0.0149795	
1209.51	0.9	6562.11	92.0645	15.4574	0.0152326	
