#,11022C_2_R_20190206,,,,,,,,
# Obs. time:,06-Feb-2019 17:13:18,,,,,,,,
# Duration:,8.3333,,,,,,,,
#=========================================================,,,,,,,,,
# Per[s],PerErr[s],ADUerr,MAGerr,Points,Exp[s],APD[s],MedPD[s],ModePD[s],STDPD[s]
#3.4629,0.00005,156.6739,0.0082499,132,1,3.8168,3.8016,3.8016,0.17428
#=========================================================,,,,,,,,,
# Time,ADU,ADU_err,MAG,MAG_err,,,,,
,,,,,,,,,
0,1,24876.3,170.207,14.0105,0.00742877,,,,
3.8016,1,22720,163.74,14.109,0.00782476,,,,
7.6032,1,18117.8,148.982,14.3547,0.00892797,,,,
11.4048,1,17875.7,148.21,14.3693,0.00900196,,,,
15.2064,1,19134.7,152.893,14.2954,0.0086754,,,,
19.008,1,24130.7,168.017,14.0436,0.00755974,,,,
22.8096,1,23516.4,166.153,14.0716,0.00767115,,,,
26.6112,1,18791.7,150.615,14.3151,0.00870212,,,,
30.4128,1,17844.3,148.361,14.3713,0.00902701,,,,
34.2144,1,17837.8,147.923,14.3716,0.00900368,,,,
38.016,1,23299.3,165.316,14.0816,0.00770368,,,,
41.8176,1,25341.2,171.43,13.9904,0.00734484,,,,
45.6192,1,19963.9,154.798,14.2494,0.00841867,,,,
49.4208,1,17859.3,147.886,14.3703,0.00899058,,,,
53.2224,1,17139.9,145.187,14.415,0.00919698,,,,
57.024,1,21763.7,160.256,14.1557,0.00799478,,,,
60.8256,1,25914.9,173.389,13.9661,0.00726433,,,,
64.6272,1,21746.2,160.677,14.1565,0.00802219,,,,
68.4288,1,18034.3,148.201,14.3598,0.00892228,,,,
72.2304,1,16862.8,143.891,14.4327,0.00926466,,,,
76.032,1,21288.5,158.642,14.1796,0.00809094,,,,
79.8336,1,26276.8,174.24,13.9511,0.00719947,,,,
83.6352,1,21687.2,159.827,14.1595,0.0080015,,,,
87.4368,1,17922.1,147.691,14.3665,0.00894724,,,,
91.2384,1,17331.1,146.058,14.4029,0.00915003,,,,
95.04,1,20802.2,157.009,14.2047,0.00819481,,,,
98.8416,1,26041.2,172.766,13.9608,0.00720314,,,,
102.643,1,22242.3,161.969,14.1321,0.00790636,,,,
106.445,1,18122.1,147.917,14.3545,0.00886205,,,,
110.246,1,17100.3,144.547,14.4175,0.00917761,,,,
114.048,1,20698.4,156.787,14.2102,0.00822427,,,,
117.85,1,26810.7,175.774,13.9292,0.0071182,,,,
121.651,1,22564.6,162.268,14.1164,0.0078078,,,,
125.366,1,17997.1,147.956,14.362,0.00892595,,,,
129.254,1,17684.7,147.16,14.381,0.00903475,,,,
133.056,1,20401,155.363,14.2259,0.00826837,,,,
136.858,1,25328.9,170.767,13.991,0.00731999,,,,
140.659,1,22562.9,162.388,14.1165,0.00781416,,,,
144.461,1,18094.5,148.039,14.3561,0.00888289,,,,
148.262,1,18791.9,150.388,14.3151,0.00868895,,,,
152.064,1,20205.3,155.049,14.2363,0.0083316,,,,
155.866,1,25308.2,171.129,13.9918,0.00734154,,,,
159.667,1,22953.5,164.034,14.0979,0.00775906,,,,
163.469,1,17825.9,147.065,14.3724,0.0089574,,,,
167.27,1,18604,149.831,14.326,0.00874417,,,,
171.072,1,19576.6,153.543,14.2707,0.0085156,,,,
174.874,1,24681,168.748,14.0191,0.00742335,,,,
178.675,1,24207.1,167.615,14.0401,0.00751784,,,,
182.477,1,18623.9,149.835,14.3248,0.00873508,,,,
186.278,1,18378.8,148.72,14.3392,0.00878567,,,,
190.08,1,18817.4,149.701,14.3136,0.0086375,,,,
193.882,1,24262.9,167.485,14.0376,0.00749476,,,,
197.597,1,24679.6,169.159,14.0192,0.00744186,,,,
201.398,1,20641.2,155.847,14.2132,0.00819765,,,,
205.286,1,18501.4,149.217,14.332,0.00875662,,,,
209.088,1,18066.2,147.448,14.3578,0.00886123,,,,
212.89,1,22954.2,163.379,14.0978,0.00772782,,,,
216.691,1,25691.7,171.451,13.9755,0.00724557,,,,
220.493,1,20213,154.725,14.2359,0.008311,,,,
224.294,1,18553,149.473,14.329,0.00874723,,,,
228.096,1,17361.2,145.381,14.4011,0.00909187,,,,
231.898,1,22969.7,163.458,14.0971,0.00772637,,,,
235.699,1,25988.6,172.833,13.963,0.00722052,,,,
239.501,1,21063.5,157.757,14.1912,0.00813172,,,,
243.302,1,18986.4,150.742,14.3039,0.00862019,,,,
247.104,1,17166.1,144.159,14.4133,0.00911793,,,,
250.906,1,21090.4,157.715,14.1898,0.0081192,,,,
254.707,1,26553,174.013,13.9397,0.00711527,,,,
258.509,1,22211.3,160.937,14.1336,0.00786696,,,,
262.31,1,17742.5,145.855,14.3775,0.00892546,,,,
266.112,1,16770.6,142.99,14.4386,0.00925722,,,,
269.914,1,21041.2,157.191,14.1923,0.00811112,,,,
273.715,1,25950.5,172.18,13.9646,0.0072038,,,,
277.517,1,21955.7,160.585,14.1461,0.00794111,,,,
281.318,1,18568.7,149.412,14.328,0.00873631,,,,
285.12,1,17299.8,144.949,14.4049,0.009097,,,,
288.922,1,20607.8,156.542,14.2149,0.00824749,,,,
292.723,1,26468.2,174.262,13.9432,0.0071483,,,,
296.525,1,22536.8,162.416,14.1178,0.00782459,,,,
300.326,1,17474.8,145.515,14.394,0.00904104,,,,
304.128,1,17389.5,145.627,14.3993,0.00909239,,,,
307.93,1,20575.4,156.323,14.2166,0.00824896,,,,
311.731,1,26326.5,174.218,13.949,0.00718496,,,,
315.533,1,22527.3,161.829,14.1182,0.00779958,,,,
319.334,1,18163.8,147.527,14.352,0.0088184,,,,
323.136,1,17773,146.047,14.3756,0.00892189,,,,
326.938,1,20455.4,154.818,14.223,0.00821746,,,,
330.739,1,25475.4,171.079,13.9847,0.00729121,,,,
334.541,1,23111.2,163.74,14.0904,0.00769232,,,,
338.342,1,17933.2,147.235,14.3659,0.00891411,,,,
342.144,1,17980.7,147.893,14.363,0.00893032,,,,
345.946,1,19181,151.196,14.2928,0.00855845,,,,
349.747,1,24739.7,168.869,14.0165,0.00741105,,,,
353.549,1,23732.1,165.18,14.0617,0.00755695,,,,
357.35,1,18764.1,149.716,14.3167,0.00866295,,,,
361.152,1,17973.4,147.437,14.3634,0.00890638,,,,
364.954,1,18201.7,148.263,14.3497,0.00884392,,,,
368.755,1,23709,166.082,14.0627,0.0076056,,,,
372.557,1,25245.2,169.87,13.9946,0.00730571,,,,
376.358,1,19893.3,153.611,14.2532,0.00838376,,,,
380.16,1,18373.5,148.651,14.3395,0.0087842,,,,
383.962,1,17730.5,145.877,14.3782,0.00893283,,,,
387.763,1,23295.2,163.616,14.0818,0.00762577,,,,
391.565,1,24576.8,168.035,14.0237,0.00742331,,,,
395.366,1,20439.3,155.214,14.2238,0.00824499,,,,
399.168,1,18350,148.415,14.3409,0.00878144,,,,
402.97,1,17479.5,144.876,14.3937,0.00899899,,,,
406.771,1,22482.4,161.937,14.1204,0.00782038,,,,
410.573,1,25664.6,171.076,13.9767,0.00723733,,,,
414.374,1,20986.6,156.982,14.1951,0.00812144,,,,
418.176,1,18807,149.466,14.3142,0.00862871,,,,
421.978,1,17260.9,144.172,14.4073,0.00906865,,,,
425.779,1,22209.5,160.249,14.1337,0.00783392,,,,
429.581,1,27293.4,175.784,13.9099,0.00699271,,,,
433.382,1,22062.4,159.911,14.1409,0.00786954,,,,
437.184,1,16665.4,142.575,14.4455,0.00928869,,,,
440.986,1,15717.3,139.302,14.5091,0.00962285,,,,
446.774,1,25093.7,169.275,14.0011,0.00732407,,,,
450.576,1,23121.9,163.19,14.0899,0.0076629,,,,
454.378,1,18235.5,147.833,14.3477,0.00880194,,,,
458.179,1,18273.8,147.392,14.3454,0.00875729,,,,
461.981,1,19150.4,151.094,14.2946,0.0085663,,,,
465.782,1,25247.3,169.561,13.9945,0.00729179,,,,
469.584,1,23410.1,164.687,14.0765,0.00763799,,,,
473.386,1,18200.3,147.306,14.3498,0.00878753,,,,
477.187,1,18562.2,148.78,14.3284,0.00870242,,,,
480.989,1,19110.5,150.473,14.2968,0.00854889,,,,
484.79,1,24806.1,168.875,14.0136,0.00739149,,,,
488.592,1,23631.4,164.52,14.0663,0.00755879,,,,
492.394,1,18634.2,148.033,14.3242,0.00862528,,,,
496.195,1,18320.9,147.602,14.3426,0.00874723,,,,
499.997,1,17083.4,143.61,14.4186,0.00912717,,,,
