#	79098C_2_3_R_20190118
# Obs. time:	18-Jan-2019 18:06:56
# Duration:	29.2752
#=========================================================
# Per[s]	PerErr[s]	ADUerr	MAGerr	Points	Exp[s]	APD[s]	MedPD[s]	ModePD[s]	STDPD[s]
#6000	0.5	164.3025	0.11994	328	2.1738	5.3716	5.0976	5.0976	5.7981
#=========================================================
# Time	ADU	ADU_err	MAG	MAG_err

0	2	1445.88	150.639	17.0997	0.113118	
4.752	2	1364.51	148.185	17.1626	0.11791	
9.5904	2	1357.76	150.105	17.1679	0.120032	
14.4288	2	1459.2	149.489	17.0897	0.111229	
19.1808	2	1417.17	149.847	17.1214	0.114802	
24.0192	2	1289.96	149.571	17.2236	0.125891	
28.8576	2	1362.73	150.145	17.164	0.119626	
33.6096	2	1290.13	149.689	17.2234	0.125974	
38.448	2	1416.33	150.662	17.1221	0.115495	
43.2864	2	1419.44	146.964	17.1197	0.112414	
48.0384	2	1399.36	148.336	17.1352	0.115091	
52.8768	2	1346.5	147.123	17.177	0.118631	
57.7152	2	1389.89	149.126	17.1425	0.116492	
62.4672	2	1339.54	149.96	17.1826	0.121547	
67.3056	2	1511.65	151.693	17.0514	0.108953	
72.144	2	1318.94	146.565	17.1994	0.120651	
76.896	2	1290.31	149.492	17.2233	0.125791	
81.7344	2	1407.05	147.751	17.1292	0.114011	
86.5728	2	1431.43	147.632	17.1106	0.111979	
91.4112	2	1454.93	149.004	17.0929	0.111194	
96.1632	2	1261.77	147.277	17.2476	0.12673	
101.002	2	1461.19	149.92	17.0882	0.111398	
105.84	2	1408.68	148.273	17.128	0.114281	
115.43	2	1264.06	149.15	17.2456	0.128109	
120.269	2	1329.66	147.353	17.1906	0.120322	
125.021	2	1655.01	150.497	16.953	0.0987307	
129.859	2	1581.31	149.827	17.0025	0.102873	
134.698	2	1337.88	151.126	17.184	0.122644	
139.45	2	1304.74	146.838	17.2112	0.12219	
144.288	2	1428.68	149.718	17.1127	0.11378	
149.126	2	1403.64	149.816	17.1319	0.115885	
153.878	2	1365.64	148.811	17.1617	0.118311	
158.717	2	1337.25	151.455	17.1845	0.122969	
163.555	2	1530.03	152.74	17.0383	0.108387	
168.307	2	1574.16	154.862	17.0074	0.106812	
173.146	2	1524.67	152.972	17.0421	0.108933	
177.984	2	1228.03	149.592	17.277	0.132259	
182.736	2	1276.07	149.738	17.2353	0.127404	
187.574	2	1524.66	150.777	17.0421	0.107371	
192.413	2	1423.82	152.851	17.1164	0.116557	
197.165	2	1674.88	152.587	16.94	0.0989139	
202.003	2	1314.5	150.242	17.2031	0.124095	
206.842	2	1319.42	148.904	17.199	0.122531	
211.594	2	1556.44	153.09	17.0197	0.106792	
216.432	2	1632.81	151.204	16.9677	0.100543	
221.27	2	1314.66	151.807	17.203	0.125373	
226.022	2	1355.62	149.315	17.1697	0.119589	
230.861	2	1569.1	152.462	17.0109	0.105495	
235.613	2	1416.67	153.384	17.1218	0.117554	
240.451	2	1370.36	153.059	17.1579	0.121269	
245.29	2	1394.66	156.442	17.1388	0.121789	
250.128	2	1656.54	155.737	16.952	0.102074	
254.88	2	1398.14	153.422	17.1361	0.119141	
259.718	2	1549.45	151.423	17.0246	0.106106	
264.47	2	1301.01	150.992	17.2143	0.126008	
269.309	2	1445.6	149.182	17.0999	0.112045	
274.147	2	1537.08	151.879	17.0333	0.107282	
278.899	2	1487.08	153.29	17.0692	0.111919	
283.738	2	1491.28	151.809	17.0661	0.110526	
288.49	2	1374.66	147.94	17.1545	0.116847	
293.328	2	1543.02	150.646	17.0291	0.106001	
298.166	2	1515.29	149.263	17.0488	0.106949	
302.918	2	1659.86	152.104	16.9498	0.0994937	
307.757	2	1382.42	150.758	17.1484	0.118403	
312.595	2	1460.39	150.14	17.0888	0.111622	
317.347	2	1577.09	151.626	17.0054	0.104385	
322.186	2	1670.31	149.799	16.943	0.0973722	
327.024	2	1384.95	152.001	17.1464	0.119162	
331.776	2	1434.96	146.895	17.1079	0.111145	
336.614	2	1611.76	152.15	16.9817	0.102493	
341.453	2	1467.58	149.074	17.0835	0.110287	
346.205	2	1554.67	151.836	17.0209	0.106038	
351.043	2	1357.8	148.481	17.1679	0.11873	
355.882	2	1456.71	146.933	17.0916	0.109514	
360.72	2	1575.89	151.597	17.0062	0.104445	
365.472	2	1460	148.442	17.0891	0.110389	
370.31	2	1368.3	150.86	17.1595	0.119706	
375.149	2	1386.66	149.548	17.1451	0.117095	
379.901	2	1423.79	151.748	17.1164	0.115718	
384.739	2	1560.52	152.177	17.0168	0.105878	
389.578	2	1465.25	149.374	17.0852	0.110685	
394.33	2	1323.09	149.715	17.196	0.122857	
399.168	2	1517.01	149.766	17.0475	0.107189	
404.006	2	1406.38	153.352	17.1297	0.118389	
408.758	2	1492.77	150.711	17.065	0.109617	
413.597	2	2207.85	157.27	16.6401	0.0773394	
418.435	2	1360.8	151.492	17.1655	0.120871	
423.187	2	1560.89	149.987	17.0166	0.104329	
428.026	2	1544.66	150.703	17.0279	0.105928	
432.778	2	1417.85	150.178	17.1209	0.115001	
437.702	2	1319.13	150.967	17.1993	0.124256	
442.454	2	1521.25	151.909	17.0445	0.10842	
447.293	2	1379.6	149.734	17.1506	0.11784	
452.131	2	1503.01	153.713	17.0576	0.111038	
456.883	2	1439	152.674	17.1048	0.115193	
461.722	2	1419.7	149.696	17.1195	0.114482	
466.56	2	1517.47	153.49	17.0472	0.109821	
471.398	2	1469.55	150.484	17.082	0.111181	
476.15	2	1569	151.556	17.0109	0.104875	
485.741	2	1449.53	156.546	17.0969	0.117257	
490.579	2	1420.93	151.21	17.1186	0.11554	
495.418	2	1453.81	151.979	17.0937	0.113501	
500.17	2	1268.82	153.553	17.2415	0.131397	
505.008	2	1356.19	152.777	17.1692	0.12231	
509.846	2	1486.51	151.936	17.0696	0.110973	
514.598	2	1471.38	151.668	17.0807	0.111916	
519.437	2	1377.42	149.533	17.1523	0.117868	
524.275	2	1385.24	150.133	17.1462	0.117672	
529.027	2	1596.32	154.451	16.9922	0.10505	
533.866	2	1546.57	150.553	17.0266	0.105692	
538.704	2	1374.98	149.881	17.1543	0.118352	
543.456	2	1312.88	149.128	17.2044	0.123327	
548.294	2	1401.53	152.659	17.1335	0.118262	
553.133	2	1600.88	151.892	16.9891	0.103015	
557.971	2	1532.56	153.968	17.0365	0.109078	
562.723	2	1195.47	148.295	17.3062	0.134683	
567.562	2	1528.04	149.164	17.0397	0.105987	
572.4	2	1495.71	151.026	17.0629	0.10963	
577.238	2	1512.05	149.473	17.0511	0.10733	
581.99	2	1445.11	151.632	17.1002	0.113924	
586.829	2	1379.24	151.467	17.1509	0.119235	
591.581	2	1574.06	150.399	17.0074	0.103741	
596.419	2	1509.45	149.739	17.053	0.107706	
601.258	2	1339.56	149.594	17.1826	0.121249	
606.01	2	1225.75	147.65	17.279	0.130785	
610.848	2	1447.08	151.111	17.0988	0.113378	
615.686	2	1518.02	151.672	17.0468	0.108481	
620.438	2	1622.77	149.617	16.9744	0.100104	
625.277	2	1458.92	148.995	17.0899	0.110883	
630.115	2	1362.71	148.049	17.164	0.117958	
634.954	2	1685.66	148.395	16.9331	0.0955813	
639.706	2	1505.94	151.136	17.0555	0.108965	
644.544	2	1415.82	146.982	17.1225	0.112715	
649.382	2	1232.42	147.231	17.2731	0.129708	
654.221	2	1595.81	150.909	16.9925	0.102674	
658.973	2	1582.17	151.682	17.0019	0.104089	
663.811	2	1478.99	148.115	17.0751	0.108732	
668.563	2	1436.24	151.278	17.1069	0.11436	
778.118	2.3	1593.75	161.858	16.9939	0.110265	
783.302	2.3	1221.66	160.362	17.2826	0.142519	
788.4	2.3	1485.83	162.884	17.0701	0.119024	
793.498	2.3	1295.77	162.748	17.2187	0.136367	
798.595	2.3	1356.05	164.066	17.1693	0.131361	
803.779	2.3	1556.95	163.495	17.0193	0.114013	
808.877	2.3	1380.42	162.37	17.15	0.127708	
813.974	2.3	1594.93	166.256	16.9931	0.113178	
819.158	2.3	1474.17	165.977	17.0786	0.122243	
824.256	2.3	1498.38	164.861	17.0609	0.119459	
829.354	2.3	1480.35	165.089	17.0741	0.121081	
834.451	2.3	1530.53	165.571	17.0379	0.117454	
839.635	2.3	1583.88	165.647	17.0007	0.113549	
844.733	2.3	1518.44	165.615	17.0465	0.11842	
849.83	2.3	1756.82	166.929	16.8882	0.103164	
854.928	2.3	1481.96	161.703	17.0729	0.11847	
860.026	2.3	1529.49	167.613	17.0386	0.118983	
865.21	2.3	1267.55	162.816	17.2426	0.139462	
870.307	2.3	1544.72	163.806	17.0279	0.115134	
875.405	2.3	1454.15	164.542	17.0935	0.122856	
880.589	2.3	1413.48	166.291	17.1243	0.127733	
885.686	2.3	1589.75	165.978	16.9967	0.113356	
890.784	2.3	1495.38	168.168	17.0631	0.1221	
895.882	2.3	1478.7	168.6	17.0753	0.123794	
900.979	2.3	1425.58	168.994	17.115	0.128708	
906.163	2.3	1612.05	168.247	16.9816	0.113317	
911.261	2.3	1575.29	167.447	17.0066	0.11541	
916.358	2.3	1467.47	168.769	17.0836	0.124866	
921.542	2.3	1697.03	168.979	16.9258	0.10811	
926.64	2.3	1506.89	166.36	17.0548	0.119865	
931.738	2.3	1649.09	166.626	16.9569	0.109704	
936.922	2.3	1380.59	169.194	17.1498	0.133059	
942.019	2.3	1585.35	168.216	16.9997	0.115204	
947.203	2.3	1411.7	169.812	17.1256	0.130603	
952.301	2.3	1449.97	181.486	17.0966	0.135896	
957.398	2.3	1518.4	183.043	17.0465	0.130885	
962.582	2.3	1425.79	183.482	17.1149	0.139721	
967.68	2.3	1583.99	175.143	17.0006	0.120051	
972.778	2.3	1528.37	173.641	17.0394	0.123352	
979.949	2.3	1490.39	169.849	17.0667	0.123733	
985.046	2.3	1543.01	171.085	17.0291	0.120384	
990.144	2.3	1480.49	197.904	17.074	0.145135	
995.242	2.3	1307.06	198.348	17.2093	0.164761	
1000.34	2.3	1118.04	235.61	17.3789	0.228803	
1005.44	2.3	1408.93	175.27	17.1278	0.135065	
1010.62	2.3	1506.71	173.731	17.0549	0.125191	
1015.72	2.3	1463.56	178.162	17.0865	0.132169	
1020.82	2.3	1494.33	172.438	17.0639	0.125288	
1026	2.3	1669.58	175.856	16.9435	0.11436	
1031.1	2.3	1481.81	173.163	17.073	0.126878	
1036.2	2.3	1555.88	171.655	17.0201	0.119786	
1041.29	2.3	1376.06	184.376	17.1534	0.145476	
1046.48	2.3	1637.86	173.169	16.9643	0.114794	
1051.57	2.3	1403.51	166.683	17.132	0.128944	
1056.67	2.3	1650.79	169.479	16.9558	0.111468	
1061.77	2.3	1629.55	173.07	16.9698	0.115313	
1068.94	2.3	1611.84	167.222	16.9817	0.11264	
1074.04	2.3	1325.54	174.801	17.194	0.143178	
1079.14	2.3	1570.5	180.007	17.0099	0.124445	
1084.23	2.3	1506.01	171.029	17.0554	0.123301	
1089.42	2.3	1425.55	169.666	17.115	0.129222	
1094.52	2.3	1521.02	168.531	17.0447	0.120301	
1099.61	2.3	1441.65	165.395	17.1028	0.124562	
1104.8	2.3	1649.47	171.872	16.9566	0.113132	
1109.89	2.3	1423.59	170.777	17.1165	0.130247	
1114.99	2.3	1709.99	169.648	16.9175	0.107716	
1120.18	2.3	1402.42	169.2	17.1328	0.130993	
1125.27	2.3	1590.14	172.252	16.9964	0.117613	
1130.37	2.3	1596.35	176.304	16.9922	0.119911	
1135.47	2.3	1389.93	175.003	17.1425	0.136702	
1140.65	2.3	1564.32	177.09	17.0142	0.122911	
1145.75	2.3	1549.81	173.274	17.0243	0.12139	
1150.85	2.3	1545.63	174.776	17.0272	0.122772	
1155.95	2.3	1379.68	169.973	17.1506	0.13376	
1161.13	2.3	1557.94	169.743	17.0186	0.118295	
1166.23	2.3	1676.45	170.518	16.939	0.110434	
1171.41	2.3	1487.97	172.022	17.0685	0.12552	
1176.51	2.3	1499.21	172.975	17.0603	0.125269	
1181.61	2.3	1528.08	169.429	17.0396	0.120383	
1186.7	2.3	1885.94	170.56	16.8112	0.0981915	
1191.8	2.3	1427.94	169.112	17.1132	0.128585	
1198.89	2.3	1516.44	170.607	17.0479	0.122151	
1204.07	2.3	1431.68	169.906	17.1104	0.12885	
1209.17	2.3	1659.65	172.578	16.95	0.1129	
1214.27	2.3	1592.56	169.636	16.9948	0.115651	
1219.45	2.3	1708.71	169.099	16.9183	0.107448	
1224.55	2.3	1366.81	170.117	17.1607	0.135133	
1229.64	2.3	1593.56	169.776	16.9941	0.115673	
1234.83	2.3	1627.57	165.882	16.9712	0.110658	
1241.91	2.3	1647.18	169.92	16.9581	0.112003	
1247.01	2.3	1694.76	170.148	16.9272	0.109004	
1252.2	2.3	1630.46	170.818	16.9692	0.113749	
1257.38	2.3	1474.53	171.428	17.0784	0.126227	
1262.48	2.3	1578.78	170.457	17.0042	0.117224	
1267.57	2.3	1679.23	171.591	16.9372	0.110945	
1272.76	2.3	1374.62	166.246	17.1545	0.131309	
1277.86	2.3	1682.8	170.06	16.9349	0.109722	
1282.95	2.3	1519.13	168.017	17.046	0.120083	
1288.14	2.3	1668.7	168.38	16.9441	0.109556	
1293.24	2.3	1479.92	170.975	17.0744	0.125435	
1298.33	2.3	1565.02	168.109	17.0137	0.116626	
1303.52	2.3	1456.18	167.552	17.092	0.124927	
1308.61	2.3	1691.19	172.488	16.9295	0.110737	
1313.71	2.3	1711.03	172.175	16.9169	0.109254	
1318.9	2.3	1500.87	167.604	17.0591	0.121246	
1323.99	2.3	1699.71	171.478	16.9241	0.109536	
1329.09	2.3	1524.26	172.122	17.0424	0.122603	
1334.19	2.3	1573.63	169.109	17.0077	0.116678	
1339.37	2.3	1459.28	168.263	17.0897	0.125191	
1344.47	2.3	1522.75	172.222	17.0434	0.122796	
1349.65	2.3	1492.19	170.338	17.0654	0.12394	
1354.75	2.3	1528.14	172.493	17.0396	0.122556	
1359.85	2.3	1659.79	173.743	16.9499	0.113652	
1364.95	2.3	1528.94	167.431	17.039	0.118896	
1370.13	2.3	1639.78	170.509	16.963	0.112898	
1375.23	2.3	1522.68	171.367	17.0435	0.122192	
1380.33	2.3	1589.85	170.912	16.9966	0.116719	
1385.42	2.3	1553.98	172.429	17.0214	0.120473	
1390.52	2.3	1508.89	168.984	17.0534	0.121594	
1395.71	2.3	1553.13	169.229	17.022	0.118302	
1400.8	2.3	1495.73	170.309	17.0629	0.123626	
1407.89	2.3	1469.54	168.953	17.082	0.124827	
1413.07	2.3	1590.45	173.634	16.9962	0.118533	
1418.17	2.3	1543.94	170.227	17.0284	0.119708	
1423.27	2.3	1362.62	168.277	17.1641	0.134083	
1428.45	2.3	1558.1	170.596	17.0185	0.118878	
1433.55	2.3	1433.47	171.508	17.109	0.129903	
1438.65	2.3	1669.72	173.355	16.9434	0.112724	
1443.83	2.3	1448.23	170.539	17.0979	0.127853	
1448.93	2.3	1691.9	175.15	16.9291	0.112398	
1454.11	2.3	1502.55	171.989	17.0579	0.124278	
1459.21	2.3	1661.55	172.272	16.9487	0.112571	
1464.31	2.3	1600.69	171.101	16.9892	0.116056	
1469.49	2.3	1293.44	171.792	17.2206	0.144206	
1474.59	2.3	1538.82	173.772	17.032	0.122608	
1479.69	2.3	1377.29	175.581	17.1524	0.138413	
1484.87	2.3	1627.74	171.722	16.971	0.114542	
1490.05	2.3	1537.82	172.726	17.0327	0.121949	
1495.15	2.3	1686.5	172.706	16.9325	0.111185	
1500.25	2.3	1446.46	171.539	17.0992	0.12876	
1505.43	2.3	1503.74	173.294	17.0571	0.125122	
1510.53	2.3	1493.27	174.274	17.0647	0.126712	
1515.72	2.3	1444.8	174.482	17.1005	0.131119	
1520.81	2.3	1608.94	172.357	16.9836	0.116309	
1525.91	2.3	1517.64	173.244	17.0471	0.123941	
1531.09	2.3	1772.55	174.486	16.8785	0.106878	
1536.19	2.3	1353.01	170.022	17.1717	0.136435	
1541.29	2.3	1573.2	173.737	17.008	0.119903	
1546.47	2.3	1522.7	172.237	17.0435	0.122811	
1551.57	2.3	1609.62	173.444	16.9832	0.116993	
1556.67	2.3	1717.08	176.906	16.913	0.11186	
1561.77	2.3	1521.58	173.97	17.0443	0.124137	
1566.86	2.3	1547.25	176.455	17.0261	0.123822	
1572.05	2.3	1409.3	179.096	17.1275	0.137977	
1577.15	2.3	1775.8	179.547	16.8765	0.109776	
1582.24	2.3	1490.86	174.304	17.0664	0.126939	
1587.34	2.3	1568.58	175.225	17.0112	0.121287	
1592.44	2.3	1644.83	173.708	16.9597	0.114663	
1597.62	2.3	1464.92	176.666	17.0855	0.130937	
1602.72	2.3	1585.25	180.035	16.9998	0.123306	
1607.82	2.3	1474.92	174.599	17.0781	0.128528	
1613	2.3	1589.05	174.755	16.9972	0.119403	
1618.1	2.3	1390.44	172.112	17.1421	0.134395	
1623.2	2.3	1553.22	174.292	17.0219	0.121834	
1628.38	2.3	1623.45	174.508	16.9739	0.116708	
1633.48	2.3	1589.94	176.888	16.9965	0.120793	
1638.58	2.3	1597.74	177.376	16.9912	0.120535	
1643.76	2.3	1542.45	178.158	17.0295	0.125406	
1648.86	2.3	1631.08	177.928	16.9688	0.118438	
1653.96	2.3	1443.18	176.928	17.1017	0.133107	
1659.14	2.3	1545.33	177.086	17.0274	0.124419	
1664.24	2.3	1570.14	183.519	17.0102	0.126901	
1669.42	2.3	1585.59	185.995	16.9995	0.127361	
1674.52	2.3	1487.04	203.01	17.0692	0.148224	
1679.62	2.3	1539.53	183.58	17.0315	0.129468	
1684.71	2.3	1545.88	203.527	17.0271	0.142945	
1689.9	2.3	1421.6	187.687	17.1181	0.143344	
1695	2.3	1750.03	183.411	16.8924	0.11379	
1700.18	2.3	1321.42	207.438	17.1974	0.17044	
1705.28	2.3	1480.59	221.382	17.0739	0.162343	
1710.37	2.3	1546.36	183.142	17.0267	0.128589	
1715.56	2.3	1487.27	179.729	17.069	0.131205	
1720.66	2.3	1349.45	223.891	17.1746	0.180138	
1725.75	2.3	1655.78	186.245	16.9525	0.122125	
1730.85	2.3	1718.32	188.773	16.9122	0.119278	
1736.04	2.3	1401.85	195.998	17.1332	0.151802	
1741.13	2.3	1460.37	213.581	17.0888	0.158791	
1746.23	2.3	1502.17	182.759	17.0582	0.132094	
1751.41	2.3	1485.69	184.653	17.0702	0.134943	
1756.51	2.3	1426.85	223.056	17.1141	0.169731	
