#	87096D_2_3_R_20190205
# Obs. time:	05-Feb-2019 16:46:28
# Duration:	27.0936
#=========================================================
# Per[s]	PerErr[s]	ADUerr	MAGerr	Points	Exp[s]	APD[s]	MedPD[s]	ModePD[s]	STDPD[s]
#6000	0.5	188.8892	0.078018	313	2	5.2103	5.0112	5.0112	4.0302
#=========================================================
# Time	ADU	ADU_err	MAG	MAG_err

0	2	2598.14	370.54	16.4633	0.154845	
4.8384	2	2700.48	369.711	16.4214	0.148644	
9.5904	2	2699.88	368.255	16.4216	0.148091	
14.4288	2	2371.15	363.566	16.5626	0.166475	
19.1808	2	2456.2	357.495	16.5243	0.158027	
24.0192	2	2331.19	363.001	16.5811	0.169065	
28.7712	2	2591.72	357.523	16.466	0.149775	
33.6096	2	2728.96	353.06	16.41	0.140467	
38.3616	2	2755.45	351.472	16.3995	0.138491	
43.2	2	2514.24	352.982	16.499	0.15243	
47.952	2	2337.74	351.828	16.578	0.163403	
52.7904	2	2403.3	350.333	16.548	0.15827	
57.5424	2	2387.66	342.916	16.5551	0.155933	
62.3808	2	2597.36	344.024	16.4637	0.143807	
67.1328	2	3178.3	345.082	16.2445	0.117883	
71.9712	2	2785.4	335.982	16.3878	0.130964	
76.8096	2	2490.45	335.699	16.5093	0.146352	
81.5616	2	2660.83	334.298	16.4375	0.136409	
86.3136	2	2495.3	331.558	16.5072	0.144265	
91.152	2	2308.45	327.395	16.5917	0.153984	
95.9904	2	2457.77	326.832	16.5236	0.14438	
100.742	2	4900.96	338.138	15.7743	0.0749095	
105.581	2	3166.23	329.697	16.2486	0.113057	
110.333	2	2605.18	324.498	16.4604	0.135238	
115.171	2	2351.07	328.187	16.5718	0.151558	
119.923	2	2738.42	320.53	16.4063	0.127085	
124.762	2	2316.75	314.998	16.5878	0.147623	
129.514	2	2797.29	320.704	16.3832	0.124478	
134.352	2	2545.01	316.258	16.4858	0.13492	
139.19	2	2738	316.6	16.4064	0.125546	
143.942	2	2714.14	313.016	16.4159	0.125216	
148.694	2	2476.09	305.549	16.5156	0.133979	
153.533	2	2460.9	308.359	16.5223	0.136046	
158.285	2	2350.42	304.388	16.5721	0.140607	
163.123	2	2544.3	307.693	16.4861	0.131303	
167.962	2	2425.87	303.22	16.5378	0.135711	
172.714	2	2695.25	302.748	16.4235	0.121957	
177.552	2	2485.42	300.044	16.5115	0.131072	
182.304	2	2823.69	301.755	16.373	0.116028	
187.142	2	2574.98	301.257	16.4731	0.127024	
191.894	2	2238.51	295.029	16.6251	0.143097	
196.733	2	2342.82	287.088	16.5757	0.133045	
201.571	2	2282.73	293.141	16.6039	0.139427	
206.323	2	2677.71	296.889	16.4306	0.12038	
211.162	2	2704.21	296.923	16.4199	0.119214	
215.914	2	2595.87	286.418	16.4643	0.119796	
220.666	2	2516.39	285.765	16.4981	0.123298	
225.504	2	2321.47	284.036	16.5856	0.132841	
230.256	2	2576.97	278.916	16.4722	0.117513	
235.094	2	2492.57	284.367	16.5084	0.123867	
239.933	2	2723.65	283.247	16.4121	0.112912	
244.685	2	2626.64	280.651	16.4515	0.116009	
249.523	2	2697.81	277.549	16.4225	0.1117	
254.275	2	2423.78	278.873	16.5388	0.124922	
259.114	2	2264.88	275.211	16.6124	0.131931	
263.866	2	2143.64	275.741	16.6721	0.13966	
268.704	2	2400.7	274.682	16.5492	0.124227	
273.542	2	2593.59	270.825	16.4652	0.113374	
278.294	2	2611.02	273.897	16.458	0.113894	
283.046	2	2599.42	272.041	16.4628	0.113627	
287.885	2	2849.42	267.662	16.3631	0.101989	
292.723	2	2580.7	263.594	16.4707	0.110898	
297.475	2	2402.75	266.801	16.5482	0.12056	
302.314	2	2450.83	265.734	16.5267	0.117722	
307.066	2	2601.73	260.378	16.4618	0.108659	
311.904	2	2540.31	260.207	16.4878	0.111213	
316.656	2	2464.84	265.314	16.5205	0.116868	
321.494	2	2497.14	253.139	16.5064	0.110063	
326.246	2	2407.27	257.755	16.5462	0.116254	
331.085	2	2771.29	256.507	16.3933	0.100494	
335.923	2	2408.08	249.514	16.5458	0.112499	
340.675	2	2500.64	253.924	16.5049	0.110249	
345.427	2	2390.44	249.149	16.5538	0.113163	
350.266	2	2729.93	251.277	16.4096	0.0999369	
355.104	2	2574.51	251.268	16.4733	0.105966	
359.856	2	2398.75	246.15	16.55	0.111414	
364.694	2	2323.11	247.455	16.5848	0.115651	
369.446	2	2324.07	241.032	16.5844	0.112603	
374.285	2	4681.98	250.631	15.8239	0.0581206	
379.123	2	2624.15	241.589	16.4525	0.0999568	
383.875	2	2606.86	243.055	16.4597	0.10123	
388.627	2	2796.65	241.509	16.3834	0.0937607	
393.466	2	2794.16	239.513	16.3844	0.0930684	
398.304	2	2646.77	236.247	16.4432	0.0969111	
403.056	2	2555.3	237.034	16.4814	0.100715	
407.894	2	2460.75	238.716	16.5223	0.105327	
412.646	2	2553.66	232.214	16.4821	0.09873	
417.485	2	2599.27	236.303	16.4629	0.098706	
422.237	2	2682.59	228.186	16.4286	0.0923547	
426.989	2	2683.99	232.595	16.428	0.0940901	
431.827	2	2715.42	231.399	16.4154	0.092523	
436.666	2	2472.43	224.653	16.5172	0.0986535	
441.418	2	2534.71	227.909	16.4902	0.0976241	
446.256	2	2635.84	229.807	16.4477	0.0946607	
451.008	2	2494.73	224.516	16.5074	0.0977123	
455.846	2	2712.64	223.799	16.4165	0.0895757	
460.598	2	2700.02	223.564	16.4216	0.0899	
465.437	2	2696.94	223.362	16.4228	0.0899211	
470.189	2	2285.69	220.508	16.6025	0.104744	
475.027	2	2565.37	218.393	16.4771	0.0924301	
479.779	2	2411.73	216.995	16.5442	0.0976891	
484.618	2	2505.57	214.755	16.5027	0.0930599	
489.37	2	2343.39	212.194	16.5754	0.0983136	
494.208	2	2817.61	212.792	16.3753	0.0819973	
499.046	2	2664.06	217.976	16.4361	0.0888358	
503.798	2	2438.71	211.578	16.5321	0.0941966	
508.637	2	2753.29	211.196	16.4004	0.0832836	
513.389	2	2370.21	210.862	16.563	0.0965909	
518.227	2	2427.38	209.539	16.5372	0.0937241	
522.979	2	2497.58	204.692	16.5062	0.0889829	
527.818	2	2686.94	210.306	16.4269	0.0849803	
532.57	2	2660.15	210.037	16.4377	0.0857262	
537.408	2	2686.57	208.292	16.427	0.0841777	
542.16	2	2471.6	204.554	16.5176	0.0898575	
546.998	2	2394.96	205.43	16.5518	0.0931298	
551.75	2	2761.05	203.98	16.3973	0.0802114	
556.589	2	3864.55	209.153	16.0323	0.0587612	
561.427	2	2800.16	204.75	16.382	0.07939	
566.179	2	2818.5	202.372	16.375	0.0779574	
571.018	2	2641.43	200.9	16.4454	0.0825779	
575.77	2	2631.02	196.256	16.4497	0.0809884	
580.608	2	2487.74	194.839	16.5105	0.0850347	
585.36	2	2492.28	195.118	16.5085	0.0850014	
590.198	2	2628.44	196.255	16.4508	0.0810676	
594.95	2	2838.1	194.409	16.3674	0.0743727	
599.789	2	2808.78	191.838	16.3787	0.0741551	
604.627	2	2781.74	194.845	16.3892	0.0760496	
609.379	2	2610.62	189.378	16.4581	0.0787607	
614.218	2	2323.45	189.725	16.5847	0.0886577	
618.97	2	2473.39	190.912	16.5168	0.0838041	
623.808	2	2537.81	188.954	16.4889	0.0808389	
628.56	2	2729.65	189.629	16.4097	0.0754265	
633.398	2	2667.12	188.716	16.4349	0.0768231	
638.237	2	2617.88	185.963	16.4551	0.0771263	
642.989	2	2765.22	186.45	16.3957	0.0732076	
647.827	2	2412.38	181.526	16.5439	0.0816991	
652.579	2	2598.22	181.418	16.4633	0.0758104	
657.418	2	2556.6	181.816	16.4808	0.0772136	
662.17	2	2694.05	180.717	16.424	0.0728312	
667.008	2	2658.05	183.448	16.4386	0.0749331	
671.76	2	2749.16	180.578	16.402	0.0713164	
676.598	2	2571.21	179.21	16.4747	0.0756746	
751.939	2	2670.22	169.383	16.4336	0.0688727	
761.443	2	2596.78	166.599	16.4639	0.0696566	
766.454	2	2396.15	163.871	16.5512	0.0742528	
771.466	2	2774.7	165.555	16.392	0.0647813	
776.477	2	2634.8	165.126	16.4481	0.0680444	
781.488	2	2781.62	164.193	16.3893	0.0640887	
786.499	2	2651.03	164.582	16.4415	0.0674049	
791.597	2	2258.65	160.654	16.6154	0.0772268	
796.608	2	3065.57	166.453	16.2837	0.058953	
801.619	2	2845.01	162.015	16.3648	0.0618297	
806.63	2	2980.82	161.536	16.3142	0.0588379	
811.642	2	3035.35	164.146	16.2945	0.0587146	
816.653	2	2593.33	158.682	16.4654	0.0664347	
821.75	2	2666.36	158.041	16.4352	0.0643538	
826.762	2	2797	157.111	16.3833	0.0609871	
831.773	2	2951.92	164.11	16.3247	0.0603609	
836.784	2	2771.32	161.306	16.3933	0.0631957	
841.795	2	2427.04	152.321	16.5373	0.0681408	
846.806	2	2644.33	154.889	16.4442	0.0635958	
851.818	2	2608.49	155.636	16.459	0.0647805	
856.915	2	2878.01	154.8	16.3523	0.0583989	
861.926	2	2589.06	153.419	16.4671	0.0643368	
866.938	2	2333.35	153.671	16.5801	0.0715053	
871.949	2	2661.11	151.245	16.4373	0.0617079	
876.96	2	2636.96	151.87	16.4472	0.0625304	
882.058	2	2878.28	152.682	16.3522	0.0575943	
887.069	2	2804.12	152.245	16.3805	0.0589484	
892.08	2	2645.79	149.253	16.4436	0.0612479	
897.091	2	2667.75	149.938	16.4346	0.0610227	
902.102	2	2639.95	149.032	16.446	0.0612927	
912.211	2	2746.3	146.101	16.4031	0.0577605	
917.222	2	2758.13	147.81	16.3985	0.0581853	
922.234	2	2651.68	145.984	16.4412	0.0597734	
927.245	2	2462.79	143.115	16.5214	0.0630929	
932.342	2	2736.62	144.64	16.407	0.057385	
937.354	2	2701.01	144.445	16.4212	0.0580634	
942.365	2	2722.62	145.929	16.4125	0.0581939	
947.376	2	2662.85	145.893	16.4366	0.0594857	
952.387	2	2423.06	142.336	16.5391	0.0637788	
957.485	2	2744.98	142.239	16.4037	0.0562605	
962.41	2	2721.16	142.153	16.4131	0.0567188	
967.507	2	2797.55	142.561	16.3831	0.0553283	
972.518	2	2682.85	140.396	16.4285	0.0568174	
977.53	2	2964.34	144.412	16.3202	0.0528931	
982.541	2	2741.7	140.139	16.4049	0.0554961	
987.638	2	2785.09	140.117	16.3879	0.054623	
992.65	2	2884.98	142.486	16.3496	0.0536235	
997.661	2	2761.83	138.567	16.397	0.0544738	
1002.67	2	2623.94	138.737	16.4526	0.0574067	
1007.68	2	2637.77	137.106	16.4469	0.0564343	
1012.69	2	2874.83	138.472	16.3535	0.0522967	
1017.79	2	2812.38	138.828	16.3773	0.0535955	
1022.8	2	2722.75	136.149	16.4125	0.0542913	
1027.81	2	2470.9	135.504	16.5179	0.0595418	
1032.83	2	2683.33	136.281	16.4283	0.0551426	
1037.84	2	2641.9	134.918	16.4452	0.0554472	
1042.85	2	2945.09	137.548	16.3273	0.0507085	
1047.86	2	2583.64	133.636	16.4694	0.0561587	
1052.96	2	2628.99	134.001	16.4505	0.0553404	
1057.97	2	2679.21	132.895	16.43	0.0538549	
1062.98	2	2458.26	131.887	16.5234	0.0582502	
1067.99	2	2641.39	132.629	16.4454	0.054517	
1073	2	2667.63	131.363	16.4347	0.0534651	
1078.1	2	2422.09	128.879	16.5395	0.057772	
1083.02	2	2472.07	130.441	16.5173	0.05729	
1088.04	2	2315.02	127.491	16.5886	0.0597927	
1093.13	2	2906.6	133.452	16.3415	0.0498499	
1098.14	2	2671.26	132.233	16.4332	0.0537464	
1103.16	2	2824.32	131.299	16.3727	0.0504745	
1108.17	2	2611	130.375	16.458	0.054214	
1113.18	2	2613.81	129.638	16.4568	0.0538498	
1118.19	2	2802.41	132.102	16.3812	0.0511802	
1123.29	2	2810.82	131.338	16.3779	0.0507318	
1128.3	2	2822.04	130.356	16.3736	0.0501523	
1133.31	2	2724.9	127.625	16.4116	0.0508523	
1138.32	2	2541.89	126.423	16.4871	0.0540001	
1143.33	2	2630.87	128.311	16.4498	0.0529531	
1148.34	2	2837.91	129.56	16.3675	0.0495675	
1153.35	2	2850.22	127.086	16.3628	0.0484108	
1158.45	2	2763.6	127.241	16.3963	0.0499891	
1163.46	2	2472.16	124.339	16.5173	0.0546079	
1168.47	2	2812.63	125.678	16.3772	0.0485144	
1173.48	2	2725.72	128.69	16.4113	0.051261	
1178.5	2	2922.81	127.347	16.3355	0.0473055	
1183.51	2	2753.99	125.542	16.4001	0.0494937	
1188.52	2	2454.77	123.609	16.525	0.0546718	
1193.62	2	2630.98	123.151	16.4497	0.0508212	
1198.63	2	2732.53	122.664	16.4086	0.048739	
1203.64	2	2963.6	125.268	16.3205	0.0458929	
1208.65	2	2902.22	127.241	16.3432	0.0476014	
1213.66	2	2408.01	120.222	16.5459	0.0542062	
1218.67	2	2614.69	121.726	16.4565	0.0505463	
1223.77	2	2633.29	121.109	16.4488	0.0499348	
1228.78	2	2844.7	123.723	16.3649	0.0472213	
1233.79	2	2722.01	121.026	16.4128	0.0482739	
1238.8	2	2455.26	119.367	16.5248	0.0527848	
1243.81	2	2497.08	118.816	16.5064	0.0516616	
1248.83	2	2640.78	121.221	16.4457	0.0498392	
1253.92	2	2843.34	122.849	16.3654	0.0469101	
1258.93	2	2870.34	121.022	16.3552	0.0457779	
1263.95	2	2604.33	119.556	16.4608	0.0498425	
1268.96	2	5422.19	141.522	15.6646	0.0283383	
1274.05	2	2515.79	120.281	16.4983	0.0519096	
1278.98	2	2852	122.239	16.3621	0.0465356	
1284.08	2	2732.74	120.313	16.4085	0.0478013	
1289.09	2	2671.18	118.789	16.4332	0.0482833	
1294.1	2	2555.86	118.321	16.4812	0.0502632	
1299.11	2	2540.61	120.266	16.4877	0.0513959	
1304.21	2	2810.69	118.844	16.378	0.0459081	
1309.22	2	2785.94	119.793	16.3876	0.0466856	
1314.23	2	2846.72	120.125	16.3641	0.0458156	
1319.24	2	2675.61	118.132	16.4314	0.0479369	
1324.25	2	2573.84	118.087	16.4735	0.0498132	
1329.35	2	2828.74	118.698	16.371	0.045559	
1334.36	2	2732.16	118.604	16.4087	0.0471321	
1339.37	2	2657.63	116.777	16.4388	0.0477075	
1344.38	2	2749.91	117.041	16.4017	0.0462107	
1349.48	2	2451.34	113.821	16.5265	0.0504131	
1356.48	2	2764.16	117.111	16.3961	0.0460002	
1361.49	2	2839.2	118.478	16.367	0.0453073	
1366.5	2	2436.22	115.035	16.5332	0.0512668	
1371.51	2	2823.22	116.091	16.3731	0.0446455	
1376.52	2	2970.48	117.636	16.3179	0.042997	
1381.54	2	2908.88	116.47	16.3407	0.0434722	
1386.55	2	2757.03	115.998	16.3989	0.0456809	
1391.56	2	2499.15	114.676	16.5055	0.0498203	
1396.66	2	2699.44	114.878	16.4218	0.046205	
1401.67	2	2781.79	114.931	16.3892	0.0448577	
1406.68	2	2822.49	115.362	16.3734	0.0443766	
1411.69	2	2494.48	113.636	16.5076	0.0494609	
1416.79	2	2422.39	111.008	16.5394	0.0497548	
1421.8	2	3686.97	122.112	16.0833	0.0359594	
1426.81	2	2782.96	114.19	16.3887	0.0445497	
1431.82	2	2917.39	116.633	16.3375	0.0434061	
1436.92	2	2894.99	114.293	16.3459	0.0428644	
1441.93	2	2517.91	111.694	16.4974	0.0481629	
1446.94	2	2757.52	114.183	16.3987	0.044958	
1451.95	2	2834.8	113.183	16.3687	0.0433493	
1456.96	2	2913.37	113.908	16.339	0.0424507	
1461.97	2	2902.91	112.751	16.3429	0.0421707	
1467.07	2	2566.4	109.63	16.4767	0.0463799	
1472.08	2	2993.39	114.239	16.3096	0.0414358	
1477.09	2	2758.28	111.801	16.3984	0.0440081	
1482.19	2	2911.15	112.763	16.3398	0.0420558	
1487.2	2	2774.8	112.354	16.3919	0.0439625	
1492.21	2	2525.2	109.163	16.4943	0.046936	
1497.23	2	2743.09	111.667	16.4044	0.0441988	
1502.24	2	2787.28	111.866	16.387	0.0435755	
1507.25	2	2936.21	112.287	16.3305	0.0415209	
1512.26	2	2749.44	110.927	16.4019	0.0438043	
1517.36	2	2550.87	108.394	16.4833	0.0461361	
1522.28	2	2712.64	109.852	16.4165	0.0439681	
1527.38	2	2592.96	108.973	16.4655	0.0456297	
1532.39	2	2857.57	110.779	16.36	0.0420905	
1537.4	2	2726.18	110.935	16.4111	0.0441812	
1542.41	2	2754.79	110.656	16.3998	0.0436126	
1547.42	2	2716.11	109.009	16.4151	0.0435752	
1552.52	2	2617.95	108.132	16.4551	0.0448455	
1557.53	2	2819.38	110.124	16.3746	0.0424086	
1562.54	2	2827.03	109.765	16.3717	0.0421559	
1567.56	2	2806.28	110.087	16.3797	0.0425921	
1572.57	2	2729.57	108.274	16.4098	0.043068	
1577.66	2	2646.32	108.048	16.4434	0.0443299	
1582.68	2	2916.22	110.639	16.3379	0.041192	
1595.46	2	2665.62	108.232	16.4355	0.0440843	
1600.47	2	2964.24	112.224	16.3202	0.0411053	
1605.57	2	2908.3	110.887	16.3409	0.0413968	
1610.58	2	2530.9	107.476	16.4918	0.0461066	
1615.59	2	2726.37	108.235	16.411	0.0431027	
1620.6	2	2764.06	108.229	16.3961	0.0425131	
1625.62	2	2918.26	109.899	16.3372	0.0408877	
