#	95045D_R_2_3_20171015
# Obs. time:	16-Oct-2017 04:24:28
# Duration:	14.3338
#=========================================================
# Per[s]	PerErr[s]	ADUerr	MAGerr	Points	Exp[s]	APD[s]	MedPD[s]	ModePD[s]	STDPD[s]
#6000	0.5	793.1174	0.83159	200	1.735	4.3217	3.7152	3.7152	2.5651
#=========================================================
# Time	ADU	ADU_err	MAG	MAG_err

0	1.5	891.745	520.663	17.6244	0.633929	
2.7648	1.5	1471.88	522.684	17.0803	0.38556	
5.9616	1.5	1483.75	534.784	17.0716	0.391329	
9.2448	1.5	1413.6	523.065	17.1242	0.401749	
28.7712	1.5	542.984	545.206	18.163	1.09018	
32.0544	1.5	844.797	528.437	17.6831	0.679149	
35.3376	1.5	960.622	539.644	17.5436	0.609929	
41.8176	1.5	1452.44	533.055	17.0948	0.398471	
45.0144	1.5	1220.48	544.912	17.2837	0.484752	
48.2976	1.5	1114.21	524.675	17.3826	0.511267	
51.5808	1.5	900.297	534.627	17.614	0.644747	
54.864	1.5	1467.66	534.04	17.0834	0.395067	
61.344	1.5	1333.19	546.436	17.1878	0.445013	
64.5408	1.5	559.964	549.582	18.1296	1.0656	
67.824	1.5	1421.4	552.083	17.1182	0.421707	
74.3904	1.5	1315.99	540.778	17.2019	0.446159	
77.5872	1.5	758.168	547.171	17.8006	0.783578	
80.8704	1.5	1010.35	550.019	17.4888	0.591056	
84.0672	1.5	659.159	539.387	17.9525	0.888454	
87.3504	1.5	1405.88	541.088	17.1301	0.417872	
90.6336	1.5	2065.63	551.61	16.7124	0.289937	
93.9168	1.5	1067.5	546.549	17.4291	0.555883	
97.1136	1.5	1045.3	546.586	17.4519	0.567731	
100.397	1.5	1115.53	551.389	17.3813	0.536661	
103.594	1.5	1348.72	555.227	17.1752	0.446965	
106.877	1.5	1714.57	551.983	16.9146	0.349537	
110.16	1.5	1447.88	562.062	17.0982	0.421478	
116.64	1.5	1023.9	552.791	17.4744	0.586178	
119.923	1.5	1282.22	562.98	17.2301	0.47671	
126.403	1.5	1390.5	570.09	17.1421	0.44514	
129.686	1.5	1044.27	566.571	17.453	0.589067	
132.97	1.5	1083.38	568.407	17.413	0.569642	
139.45	1.5	1399.07	560.144	17.1354	0.434694	
142.733	1.5	1468.06	556.673	17.0831	0.4117	
146.016	1.5	1583.19	575.453	17.0012	0.394641	
149.213	1.5	667.754	575.911	17.9385	0.936404	
152.496	1.5	838.477	574.108	17.6913	0.743406	
155.693	1.5	1587.47	576.333	16.9982	0.394177	
158.976	1.5	1427.42	579.259	17.1136	0.440601	
162.259	1.5	981.883	575.748	17.5199	0.636645	
165.456	1.5	773.556	579.408	17.7788	0.813238	
168.739	1.5	739.667	584.218	17.8274	0.857557	
172.022	1.5	1502.61	578.08	17.0579	0.417703	
178.502	1.5	1664.12	577.644	16.947	0.376878	
181.786	1.5	1473.55	580.401	17.0791	0.42765	
184.982	1.5	1072.68	585.337	17.4238	0.592461	
188.266	1.5	984.918	576.459	17.5165	0.635466	
194.832	1.5	1564.76	596.392	17.0139	0.413816	
198.029	1.5	1466.24	578.146	17.0845	0.428112	
201.312	1.5	741.826	578.743	17.8242	0.847048	
204.595	1.5	449.983	591.054	18.367	1.42612	
214.358	1.5	883.51	585.094	17.6345	0.719016	
217.555	1.5	621.21	588.629	18.0169	1.02879	
220.838	1.5	1033.8	595.611	17.4639	0.625532	
224.035	1.5	1685.03	584.792	16.9335	0.376806	
230.602	1.5	1615.8	596.05	16.979	0.400517	
233.885	1.5	730.694	591.428	17.8407	0.878801	
237.082	1.5	908.814	600.431	17.6038	0.717319	
240.365	1.5	1063.7	594.939	17.433	0.607265	
243.648	1.5	1642.16	602.587	16.9615	0.398409	
246.931	1.5	1132.17	605.827	17.3652	0.580979	
250.128	1.5	895.283	591.944	17.6201	0.717868	
253.411	1.5	519.046	615.838	18.212	1.28821	
256.608	1.5	1185.11	615.623	17.3156	0.564002	
263.174	1.5	1031.19	617.212	17.4666	0.649858	
266.371	1.5	1054.37	620.002	17.4425	0.638447	
269.654	1.5	1377.82	615.508	17.152	0.485026	
272.938	1.5	1355.79	612.254	17.1695	0.490302	
279.418	1.5	1375.61	613.768	17.1538	0.484431	
282.701	1.5	1358.78	611.944	17.1671	0.488976	
285.984	1.5	993.169	613.501	17.5074	0.670682	
289.181	1.5	1234.91	616.858	17.2709	0.542342	
308.707	1.5	1652.98	626.239	16.9543	0.411335	
311.99	1.5	1567.98	625.734	17.0117	0.433286	
315.274	1.5	1398.68	634.562	17.1357	0.492583	
318.47	1.5	928.424	643.558	17.5806	0.752602	
321.754	1.5	1109.45	636.633	17.3872	0.623027	
325.037	1.5	1214.03	635.125	17.2894	0.568009	
328.234	1.5	1436.97	631.403	17.1064	0.477072	
331.517	1.5	1606.56	648.067	16.9853	0.437973	
337.997	1.5	1299.59	645.763	17.2155	0.5395	
341.28	1.5	1651.3	647.273	16.9554	0.425584	
347.846	1.5	1542.85	657.894	17.0292	0.462974	
357.523	1.5	1546.69	670.363	17.0265	0.470577	
360.806	1.5	1668.71	661.327	16.944	0.430288	
367.373	1.5	974.346	651.776	17.5282	0.72629	
370.57	1.5	1039.76	652.022	17.4577	0.68085	
373.853	1.5	1211.99	667.171	17.2913	0.597673	
380.333	1.5	1439.95	662.973	17.1041	0.499886	
383.616	1.5	1085.88	657.358	17.4105	0.657268	
386.899	1.5	322.565	667.671	18.7285	2.24735	
390.096	1.5	1027.05	674.915	17.471	0.713479	
393.379	1.5	1781.9	668.97	16.8728	0.407611	
399.946	1.5	681.946	669.894	17.9156	1.06655	
403.142	1.5	1052.27	676.798	17.4447	0.698321	
406.426	1.5	1114.39	672.094	17.3824	0.654815	
412.906	1.5	1807.18	680.827	16.8575	0.409033	
419.386	1.5	1188.72	690.063	17.3123	0.630277	
422.669	1.5	954.751	690.5	17.5503	0.785232	
425.952	1.5	1647.2	694.083	16.9581	0.457497	
429.149	1.5	2157.02	690.369	16.6654	0.347497	
432.432	1.5	1440.76	706.195	17.1035	0.532179	
435.629	1.5	877.617	696.938	17.6417	0.862211	
442.195	1.5	1500.57	692.956	17.0594	0.501389	
445.478	1.5	1660.73	711.126	16.9493	0.464914	
448.675	1.5	1481.6	710.763	17.0732	0.520855	
465.696	2	1725.94	812.38	16.9074	0.511043	
469.411	2	1511	788.587	17.0518	0.566643	
473.213	2	1117.22	796.915	17.3797	0.77446	
476.928	2	2022.46	816.451	16.7353	0.438304	
480.73	2	1063.44	810.462	17.4332	0.827457	
484.445	2	741.229	820.493	17.8251	1.20184	
488.246	2	1435.47	830.163	17.1075	0.627906	
491.962	2	1520.39	817.67	17.0451	0.583912	
495.763	2	965.509	812.44	17.5381	0.913606	
499.478	2	917.006	818.291	17.5941	0.968858	
503.28	2	1158.14	836.683	17.3406	0.784373	
506.995	2	1488	826.099	17.0685	0.602772	
510.71	2	1552.6	824.356	17.0224	0.576475	
514.512	2	2117.13	835.619	16.6856	0.428534	
518.314	2	1870.26	834.021	16.8202	0.484172	
522.029	2	1929.35	851.979	16.7865	0.47945	
525.744	2	1165.03	837.047	17.3342	0.780076	
529.546	2	1259.15	847.851	17.2498	0.731085	
533.261	2	1822.09	849.025	16.8486	0.505912	
537.062	2	1710.94	860.488	16.9169	0.546051	
544.579	2	868.777	870.514	17.6527	1.08791	
548.294	2	1286.62	851.753	17.2264	0.718768	
552.01	2	1072.22	898.779	17.4243	0.91011	
555.811	2	1251.78	863.727	17.2562	0.749157	
563.328	2	1831.83	889.943	16.8428	0.527473	
570.845	2	1033.89	883.599	17.4638	0.927909	
574.56	2	1015.26	891.727	17.4836	0.953633	
578.362	2	1430.86	907.06	17.111	0.688276	
582.077	2	1122.39	918.534	17.3746	0.888535	
585.878	2	1224.53	918.03	17.2801	0.813974	
589.594	2	1565.72	902.332	17.0132	0.625715	
593.395	2	1212.32	908.583	17.291	0.813711	
597.11	2	1315.27	913.994	17.2025	0.754488	
600.826	2	1019.48	921.939	17.479	0.981851	
604.627	2	821.271	909.59	17.7138	1.2025	
608.342	2	785.448	939.754	17.7622	1.29904	
612.144	2	406.037	939.29	18.4786	2.51165	
615.859	2	1548.69	910.367	17.0251	0.638229	
619.661	2	1542.9	950.851	17.0292	0.669113	
623.462	2	1430.71	941.146	17.1111	0.714214	
627.178	2	1362.87	939.379	17.1639	0.748358	
630.893	2	1254.31	943.236	17.254	0.816468	
634.694	2	1582.55	971.532	17.0016	0.666536	
638.41	2	2137.57	975.38	16.6752	0.495426	
642.125	2	1119.88	987.123	17.3771	0.957026	
645.926	2	1635.83	960.071	16.9657	0.63722	
649.728	2	1931.45	965.423	16.7853	0.542697	
653.443	2	1261.35	981.586	17.2479	0.84492	
657.158	2	1404.24	1009.65	17.1314	0.780648	
660.96	2	1131.99	994.409	17.3654	0.953774	
664.762	2	1361.92	989.585	17.1646	0.788905	
672.192	2	1354.72	1003	17.1704	0.803848	
675.994	2	1908.83	1022.4	16.7981	0.581533	
679.709	2	970.708	1032.58	17.5323	1.15494	
683.51	2	1515.62	1032.15	17.0485	0.739401	
687.226	2	1880.96	1035.03	16.8141	0.597443	
691.027	2	1483.68	1038.95	17.0717	0.760288	
694.742	2	1508.67	1029.27	17.0535	0.74073	
698.544	2	1567.1	1058.29	17.0123	0.733216	
702.259	2	1427.72	1037.3	17.1134	0.788832	
705.974	2	1139.11	1037.38	17.3586	0.988772	
709.776	2	1140.02	1073.57	17.3577	1.02245	
713.491	2	792.123	1058.62	17.753	1.45101	
736.128	2	2225.95	1111.82	16.6312	0.542307	
739.843	2	1494.22	1089.88	17.064	0.791935	
743.645	2	1566.39	1099.45	17.0128	0.76208	
747.274	2	1221.07	1094.73	17.2832	0.973404	
754.877	2	746.303	1126.78	17.8177	1.63926	
758.592	2	362.566	1139.7	18.6015	3.41293	
762.307	2	533.768	1139.58	18.1816	2.31801	
766.109	2	799.473	1130.35	17.743	1.53509	
769.91	2	1762.83	1152.59	16.8845	0.709885	
773.626	2	1089.69	1137.54	17.4067	1.13341	
777.341	2	969.244	1146.53	17.5339	1.28433	
781.142	2	1172.5	1156.82	17.3272	1.07122	
788.659	2	819.072	1168.96	17.7167	1.54954	
792.374	2	1227.17	1174.76	17.2777	1.03937	
796.176	2	1678.37	1213.09	16.9378	0.784747	
799.891	2	2056.42	1189.22	16.7172	0.627877	
803.693	2	1302.24	1197.42	17.2133	0.998346	
807.408	2	104.653	1207.31	19.9506	12.5254	
811.21	2	1393.92	1200.87	17.1394	0.935363	
814.925	2	1035.62	1223.16	17.462	1.28236	
822.442	2	900.556	1233.24	17.6137	1.48683	
826.157	2	820.993	1253.66	17.7142	1.65792	
829.958	2	594.551	1238.09	18.0645	2.26094	
833.674	2	259.503	1249.43	18.9646	5.22752	
837.475	2	1398.28	1243.61	17.136	0.965643	
841.19	2	1368.65	1277.9	17.1593	1.01375	
844.992	2	1510.08	1287.11	17.0525	0.925421	
848.707	2	2538.81	1280.38	16.4884	0.54756	
852.509	2	1611.29	1274.6	16.9821	0.858865	
856.224	2	2081.95	1290.3	16.7038	0.672893	
860.026	2	1585.18	1302.81	16.9998	0.892334	
