#	95060B_2_3_R_20190204
# Obs. time:	04-Feb-2019 23:27:00
# Duration:	10.2211
#=========================================================
# Per[s]	PerErr[s]	ADUerr	MAGerr	Points	Exp[s]	APD[s]	MedPD[s]	ModePD[s]	STDPD[s]
#9999	0.5	124.093	0.022998	153	1.1608	4.0347	3.8016	4.0608	0.67609
#=========================================================
# Time	ADU	ADU_err	MAG	MAG_err

0	1	4155.41	106.515	15.9535	0.0278306	
3.8016	1	4454.62	108.207	15.878	0.0263737	
7.6032	1	4402.72	107.813	15.8907	0.0265874	
11.4048	1	4262.3	109.886	15.9259	0.0279914	
15.2928	1	3574.83	106.474	16.1169	0.0323379	
19.0944	1	3283.27	106.382	16.2092	0.0351791	
22.896	1	3571.28	106.421	16.1179	0.0323541	
26.6976	1	3203.06	105.091	16.2361	0.0356224	
30.4992	1	3168.44	106.411	16.2479	0.0364642	
34.3872	1	3173.65	107.04	16.2461	0.0366195	
38.1888	1	3750.68	109.575	16.0647	0.0317194	
41.9904	1	4043.31	109.766	15.9832	0.0294752	
45.792	1	3891.05	108.967	16.0248	0.0304054	
49.68	1	2903.19	106.959	16.3428	0.0400004	
53.4816	1	3061.85	108.835	16.285	0.038593	
57.2832	1	3275.93	107.804	16.2117	0.0357292	
61.1712	1	3603.92	109.865	16.1081	0.0330986	
64.9728	1	3214.84	107.814	16.2321	0.0364115	
68.7744	1	3860.03	108.682	16.0335	0.0305697	
72.576	1	4094.81	108.939	15.9694	0.0288851	
76.3776	1	4691.3	112.349	15.8218	0.0260016	
80.2656	1	4687.33	112.904	15.8227	0.0261523	
84.0672	1	4582.68	110.916	15.8472	0.0262785	
87.8688	1	4752.68	110.561	15.8077	0.0252574	
91.6704	1	5375.85	112.902	15.6739	0.0228023	
95.5584	1	5756.87	114.08	15.5995	0.0215152	
99.36	1	5237.7	110.629	15.7021	0.0229325	
103.162	1	5572.96	111.95	15.6348	0.0218104	
106.963	1	6295.48	114.881	15.5024	0.0198127	
110.765	1	6303.54	116.355	15.501	0.0200413	
114.566	1	5737.84	111.769	15.6031	0.0211494	
118.454	1	5407.94	110.526	15.6674	0.02219	
122.256	1	5947.86	114.422	15.5641	0.0208868	
126.058	1	6365.37	115.205	15.4904	0.0196505	
129.946	1	5779.01	112.917	15.5954	0.0212144	
133.747	1	5567.99	111.173	15.6358	0.0216784	
137.549	1	5950.94	113.65	15.5635	0.0207351	
141.35	1	6413.36	115.575	15.4823	0.019566	
145.152	1	5997.4	113.472	15.5551	0.0205424	
148.954	1	5803.67	111.836	15.5907	0.0209221	
152.842	1	5842.21	111.285	15.5836	0.0206815	
156.643	1	6083.23	112.584	15.5397	0.0200941	
160.445	1	7213.96	117.223	15.3546	0.0176426	
164.333	1	6992.92	116.103	15.3884	0.0180264	
168.134	1	6415.18	113.454	15.482	0.0192015	
171.936	1	7194.65	116.171	15.3575	0.0175313	
175.738	1	8005.12	119.182	15.2416	0.0161647	
179.539	1	7023.51	115.744	15.3836	0.0178925	
183.341	1	6208.12	111.337	15.5176	0.0194718	
187.229	1	6606.86	113.411	15.45	0.0186373	
191.03	1	8014.93	119.832	15.2403	0.0162329	
194.832	1	7078.15	115.966	15.3752	0.0177883	
198.634	1	5798.13	110.597	15.5918	0.0207099	
202.522	1	6385.38	114.102	15.487	0.0194013	
206.323	1	7809.8	120.235	15.2684	0.0167154	
210.125	1	7384.04	118.968	15.3293	0.0174928	
213.926	1	6182.1	113.291	15.5222	0.0198969	
217.728	1	7090.89	115.198	15.3732	0.0176387	
221.616	1	6739.95	114.619	15.4284	0.018464	
225.418	1	8370.58	121.72	15.1931	0.0157882	
229.219	1	8647.75	122.08	15.1577	0.0153273	
233.021	1	6772.31	114.744	15.4232	0.0183958	
236.822	1	7084.48	116.453	15.3742	0.017847	
240.71	1	8611.31	123.648	15.1623	0.0155899	
244.512	1	7966.76	120.941	15.2468	0.0164822	
248.314	1	6277.34	112.671	15.5056	0.0194878	
252.115	1	6725.7	115.656	15.4307	0.0186704	
256.003	1	9089.09	124.777	15.1037	0.0149052	
259.805	1	7974.02	120.673	15.2458	0.0164307	
263.606	1	5716.8	112.345	15.6071	0.0213366	
267.408	1	5682.58	111.758	15.6136	0.0213529	
279.504	1.3	6785.35	131.584	15.4211	0.0210549	
283.651	1.3	7203.7	134.682	15.3561	0.0202991	
287.798	1.3	7030.59	133.163	15.3825	0.0205644	
291.859	1.3	6474.6	131.091	15.472	0.0219828	
296.006	1.3	4083.44	118.611	15.9724	0.0315373	
300.154	1.3	4499.5	120.194	15.8671	0.029003	
304.214	1.3	5840.3	127.644	15.5839	0.0237296	
308.362	1.3	5518.65	125.992	15.6454	0.0247876	
312.509	1.3	7595.99	136.875	15.2985	0.0195643	
316.656	1.3	6487.05	131.927	15.4699	0.0220807	
320.717	1.3	6932.32	132.884	15.3978	0.0208121	
324.864	1.3	6330.88	132.372	15.4963	0.0227016	
328.925	1.3	6776.94	133.198	15.4224	0.0213398	
333.072	1.3	6299.15	132.25	15.5018	0.022795	
337.219	1.3	3521.99	118.012	16.133	0.03638	
341.28	1.3	4568.24	120.953	15.8506	0.028747	
345.427	1.3	6161.78	129.741	15.5257	0.022861	
349.574	1.3	6472.07	130.956	15.4724	0.0219688	
353.722	1.3	9122.66	142.305	15.0997	0.0169365	
357.782	1.3	9967.71	145.877	15.0035	0.0158897	
361.93	1.3	9283.65	142.735	15.0807	0.0166931	
366.077	1.3	10032.3	147.014	14.9965	0.0159104	
370.138	1.3	10876.9	148.975	14.9087	0.0148708	
374.285	1.3	9725.69	145.333	15.0302	0.0162244	
378.432	1.3	5605.78	124.38	15.6284	0.0240901	
382.493	1.3	6179.47	126.637	15.5226	0.0222502	
386.64	1.3	6448.03	128.731	15.4764	0.0216761	
390.787	1.3	7414.45	133.161	15.3248	0.0194995	
394.848	1.3	11857.3	153.71	14.815	0.0140748	
398.995	1.3	10222.1	145.691	14.9761	0.0154745	
403.142	1.3	9315.36	144.087	15.077	0.0167939	
407.203	1.3	10283.8	147.621	14.9696	0.0155855	
411.35	1.3	9718.41	147.914	15.031	0.0165249	
415.498	1.3	8856.77	143.395	15.1318	0.0175786	
419.558	1.3	4172.26	120.491	15.9491	0.0313551	
423.706	1.3	3944.18	120.057	16.0101	0.0330488	
427.853	1.3	4238.82	122.428	15.9319	0.0313589	
431.914	1.3	4122.76	123.83	15.962	0.0326107	
436.061	1.3	7896.89	141.969	15.2564	0.0195192	
440.208	1.3	8972.93	145.315	15.1177	0.0175832	
444.269	1.3	7936.09	141.541	15.251	0.0193642	
448.416	1.3	7401.71	137.897	15.3267	0.0202277	
452.563	1.3	6770.63	137.226	15.4234	0.0220055	
456.624	1.3	7112.04	137.371	15.37	0.0209712	
460.771	1.3	6520.65	135.892	15.4643	0.022627	
464.918	1.3	3218.44	117.422	16.2309	0.0396121	
468.979	1.3	4002.82	122.606	15.9941	0.0332559	
473.126	1.3	4335.25	122.534	15.9075	0.0306879	
477.274	1.3	7737.27	139.982	15.2785	0.0196431	
481.421	1.3	7087.8	137.286	15.3737	0.02103	
485.482	1.3	7232.5	138.575	15.3518	0.0208027	
489.629	1.3	7911.58	138.817	15.2543	0.0190504	
493.776	1.3	8977.4	144.914	15.1171	0.0175261	
497.923	1.3	8949.97	144.779	15.1204	0.0175634	
501.984	1.3	8354.86	140.044	15.1952	0.0181991	
506.131	1.3	4094.65	118.83	15.9695	0.0315088	
510.278	1.3	4052.72	120.728	15.9806	0.0323435	
514.339	1.3	4742.7	124.262	15.8099	0.0284471	
518.486	1.3	5566.75	126.167	15.636	0.0246076	
522.547	1.3	8952.83	141.14	15.1201	0.0171165	
526.694	1.3	9040.01	142.438	15.1096	0.0171073	
530.842	1.3	9334.54	145.335	15.0748	0.0169045	
534.989	1.3	9638.08	144.919	15.04	0.0163253	
539.05	1.3	9987.94	145.828	15.0013	0.0158522	
543.197	1.3	10080.4	146.923	14.9913	0.0158247	
547.344	1.3	4983.37	121.717	15.7562	0.0265188	
551.405	1.3	4815.99	120.879	15.7933	0.0272514	
555.552	1.3	5002.66	124.902	15.752	0.0271077	
559.699	1.3	6127.86	127.357	15.5317	0.0225652	
563.76	1.3	8730.19	141.926	15.1474	0.0176507	
567.907	1.3	7397.99	136.706	15.3272	0.0200631	
572.054	1.3	7876.95	138.262	15.2591	0.0190577	
576.115	1.3	7141.08	135.929	15.3656	0.0206667	
580.262	1.3	8065.92	140.034	15.2334	0.0188497	
584.41	1.3	7208.37	137.255	15.3554	0.0206736	
588.557	1.3	6844.54	134.74	15.4116	0.0213736	
592.704	1.3	3463.68	117.889	16.1512	0.0369539	
596.765	1.3	3637.68	120.929	16.0979	0.0360935	
600.912	1.3	4097.93	122.465	15.9686	0.0324468	
605.059	1.3	4472.65	124.768	15.8736	0.0302874	
609.206	1.3	6042.97	131.672	15.5469	0.0236575	
613.267	1.3	5313.31	129.269	15.6866	0.0264152	
