#	96002C_X_all_20170801
# Obs. time:	01-Aug-2017 21:57:30
# Duration:	16.5672
#=========================================================
# Per[s]	PerErr[s]	ADUerr	MAGerr	Points	Exp[s]	APD[s]	MedPD[s]	ModePD[s]	STDPD[s]
#7000	0.5	414.2388	0.0034589	408	0.10449	2.4423	1.9872	1.9872	5.2969
#=========================================================
# Time	ADU	ADU_err	MAG	MAG_err

0	0.1	103527	411.285	12.4624	0.00431332	
1.9872	0.1	101455	405.257	12.4843	0.0043369	
3.9744	0.1	107641	413.395	12.4201	0.00416978	
6.048	0.1	107526	407.623	12.4212	0.00411596	
8.0352	0.1	114511	409.379	12.3529	0.00388152	
10.0224	0.1	116902	411.38	12.3304	0.00382074	
12.0096	0.1	113175	412.365	12.3656	0.003956	
13.9968	0.1	121328	406.587	12.2901	0.00363845	
15.984	0.1	130312	406.112	12.2125	0.00338364	
17.9712	0.1	131702	410.016	12.201	0.00338014	
20.0448	0.1	129144	407.563	12.2223	0.00342646	
22.032	0.1	130123	408.887	12.2141	0.00341172	
24.0192	0.1	137373	412.777	12.1552	0.00326241	
26.0064	0.1	124175	412.839	12.2649	0.0036097	
29.9808	0.1	132836	410.754	12.1917	0.00335731	
32.0544	0.1	132646	414.121	12.1933	0.00338966	
34.0416	0.1	132099	407.863	12.1977	0.00335226	
36.0288	0.1	127754	412.111	12.2341	0.00350239	
38.016	0.1	134905	415.361	12.1749	0.00334289	
41.04	0.1	138648	413.888	12.1452	0.0032411	
43.0272	0.1	145596	417.041	12.0921	0.00310995	
45.0144	0.1	134973	406.323	12.1744	0.00326851	
47.0016	0.1	149576	417.685	12.0628	0.00303188	
48.9888	0.1	143781	420.444	12.1057	0.00317491	
50.976	0.1	139405	412.328	12.1393	0.00321136	
53.0496	0.1	155152	420.407	12.0231	0.00294195	
55.0368	0.1	148953	411.835	12.0674	0.00300192	
57.024	0.1	142012	414.48	12.1192	0.00316886	
59.0112	0.1	143347	413.411	12.109	0.00313124	
60.9984	0.1	141723	415.695	12.1214	0.00318464	
62.9856	0.1	144874	409.821	12.0975	0.00307135	
64.9728	0.1	143592	414.31	12.1072	0.00313269	
67.0464	0.1	138038	414.104	12.15	0.00325714	
69.0336	0.1	152734	414.044	12.0402	0.00294331	
73.008	0.1	151043	415.954	12.0523	0.00298999	
76.032	0.1	143319	411.314	12.1092	0.00311599	
78.0192	0.1	151648	413.888	12.0479	0.00296327	
80.0064	0.1	144920	405.773	12.0972	0.00304005	
81.9936	0.1	156914	417.594	12.0108	0.00288946	
83.9808	0.1	152491	416.719	12.0419	0.00296704	
86.0544	0.1	156487	412.031	12.0138	0.00285874	
88.0416	0.1	159073	411.533	11.996	0.00280888	
90.0288	0.1	161379	419.617	11.9804	0.00282313	
92.016	0.1	153110	417.791	12.0375	0.00296264	
95.9904	0.1	149386	412.478	12.0642	0.00299788	
97.9776	0.1	155642	406.816	12.0197	0.0028379	
100.051	0.1	153436	415.031	12.0352	0.00293683	
102.038	0.1	159886	421.196	11.9905	0.00286022	
104.026	0.1	157213	413.937	12.0088	0.00285871	
106.013	0.1	166048	421.846	11.9494	0.00275831	
108	0.1	160954	414.473	11.9832	0.00279589	
109.987	0.1	158537	422.584	11.9997	0.00289405	
113.011	0.1	150504	409.193	12.0561	0.00295191	
114.998	0.1	154406	408.743	12.0283	0.00287415	
116.986	0.1	170445	421.549	11.921	0.00268527	
118.973	0.1	165853	418.014	11.9507	0.00273648	
121.046	0.1	165801	414.134	11.951	0.00271193	
125.021	0.1	158808	421.983	11.9978	0.00288501	
127.008	0.1	150340	414.331	12.0573	0.00299225	
128.995	0.1	162671	417.125	11.9717	0.00278407	
130.982	0.1	164207	413.134	11.9615	0.00273165	
132.97	0.1	163599	416.259	11.9655	0.00276252	
135.043	0.1	157408	416.8	12.0074	0.00287492	
137.03	0.1	159921	424.399	11.9902	0.00288134	
139.018	0.1	152479	413.578	12.042	0.00294491	
141.005	0.1	159253	415.45	11.9948	0.0028324	
142.992	0.1	156973	417.97	12.0104	0.00289098	
147.053	0.1	166570	414.935	11.946	0.00270464	
149.04	0.1	154934	422.533	12.0246	0.00296099	
151.978	0.1	155508	409.507	12.0206	0.00285912	
154.051	0.1	152355	419.532	12.0429	0.00298974	
156.038	0.1	158644	412.651	11.9989	0.00282413	
158.026	0.1	154005	418.812	12.0312	0.00295262	
160.013	0.1	146192	411.111	12.0877	0.00305324	
162	0.1	145110	415.214	12.0958	0.0031067	
163.987	0.1	155599	412.061	12.02	0.00287527	
165.974	0.1	144080	411.494	12.1035	0.00310088	
168.048	0.1	152223	414.555	12.0438	0.00295684	
170.035	0.1	138261	411.747	12.1483	0.00323337	
172.022	0.1	139984	409.066	12.1348	0.00317278	
174.01	0.1	134707	410.393	12.1765	0.00330775	
175.997	0.1	131029	410.935	12.2066	0.0034051	
177.984	0.1	130374	409.9	12.212	0.0034136	
179.971	0.1	133675	420.201	12.1849	0.00341295	
182.045	0.1	136873	411.741	12.1592	0.0032661	
184.032	0.1	143741	424.104	12.106	0.00320343	
186.019	0.1	135039	417.79	12.1739	0.00335911	
189.043	0.1	137554	419.712	12.1538	0.00331286	
191.03	0.1	140182	411.576	12.1333	0.00318772	
193.018	0.1	135369	411.656	12.1712	0.0033017	
195.005	0.1	138529	413.35	12.1461	0.00323968	
196.992	0.1	135948	414.731	12.1666	0.00331222	
198.979	0.1	142685	409.788	12.1141	0.00311822	
201.053	0.1	136563	410.43	12.1617	0.00326311	
203.04	0.1	137044	416.946	12.1578	0.00330327	
278.986	0.1	156569	413.741	12.0132	0.00286912	
280.973	0.1	157242	419.39	12.0086	0.00289583	
283.997	0.1	155935	415.521	12.0176	0.00289317	
285.984	0.1	155340	413.871	12.0218	0.00289271	
287.971	0.1	148809	413.046	12.0684	0.00301366	
290.045	0.1	152436	421.831	12.0423	0.00300451	
292.032	0.1	144788	418.793	12.0982	0.00314044	
294.019	0.1	149717	407.369	12.0618	0.00295421	
296.006	0.1	148945	413.167	12.0674	0.00301178	
297.994	0.1	141858	409.004	12.1204	0.00313038	
299.981	0.1	154290	420.739	12.0292	0.00296073	
302.054	0.1	158655	413.266	11.9989	0.00282814	
304.042	0.1	144299	411.806	12.1018	0.00309852	
306.029	0.1	142106	419.746	12.1185	0.00320699	
308.016	0.1	143441	422.511	12.1083	0.00319808	
311.99	0.1	144582	414.249	12.0997	0.00311081	
313.978	0.1	149974	412.936	12.06	0.00298945	
316.051	0.1	141305	411.398	12.1246	0.00316104	
318.038	0.1	145965	413.156	12.0894	0.0030732	
320.026	0.1	152144	410.933	12.0444	0.00293252	
322.013	0.1	142776	417.669	12.1134	0.00317615	
324	0.1	146983	416.565	12.0818	0.0030771	
329.011	0.1	151487	418.852	12.0491	0.00300199	
330.998	0.1	142645	411.804	12.1144	0.00313443	
332.986	0.1	149864	408.455	12.0608	0.00295917	
334.973	0.1	144320	417.821	12.1017	0.00314331	
337.046	0.1	152057	419.462	12.045	0.0029951	
339.034	0.1	144620	413.681	12.0994	0.00310572	
341.021	0.1	145487	417.88	12.0929	0.00311854	
343.008	0.1	143118	416.025	12.1108	0.00315609	
346.982	0.1	151165	416.094	12.0514	0.00298858	
348.97	0.1	155968	414.594	12.0174	0.0028861	
351.043	0.1	148826	420.001	12.0683	0.00306404	
353.03	0.1	158974	409.692	11.9967	0.00279805	
355.018	0.1	160812	413.442	11.9842	0.00279138	
357.005	0.1	146578	411.458	12.0848	0.00304776	
358.992	0.1	142247	413.61	12.1174	0.00315699	
360.979	0.1	137021	419.805	12.158	0.00332648	
363.053	0.1	143411	416.987	12.1085	0.00315692	
365.04	0.1	140433	412.29	12.1313	0.00318755	
367.027	0.1	141556	411.935	12.1227	0.00315954	
370.051	0.1	139260	414.62	12.1404	0.00323257	
372.038	0.1	141715	415.288	12.1215	0.00318169	
374.026	0.1	142512	408.429	12.1154	0.00311164	
376.013	0.1	143139	415.508	12.1106	0.00315172	
378	0.1	144601	410.085	12.0996	0.00307913	
379.987	0.1	150073	420.391	12.0592	0.00304142	
381.974	0.1	140444	411.338	12.1312	0.00317993	
384.048	0.1	140700	418.554	12.1293	0.00322986	
386.035	0.1	136877	405.791	12.1592	0.00321881	
388.022	0.1	142300	415.611	12.117	0.00317109	
390.01	0.1	135602	416.319	12.1693	0.00333338	
391.997	0.1	132445	415.799	12.1949	0.00340856	
393.984	0.1	144731	419.068	12.0986	0.00314375	
395.971	0.1	143717	416.646	12.1062	0.00314762	
398.045	0.1	138461	412.046	12.1467	0.00323104	
400.032	0.1	135624	411.045	12.1692	0.00329063	
402.019	0.1	135343	410.646	12.1714	0.00329424	
404.006	0.1	131520	408.464	12.2025	0.00337198	
405.994	0.1	139403	410.643	12.1393	0.00319828	
409.018	0.1	147229	418.555	12.08	0.00308662	
411.005	0.1	139318	412.122	12.14	0.00321176	
412.992	0.1	127378	407.919	12.2373	0.003477	
414.979	0.1	131127	415.615	12.2058	0.00344132	
417.053	0.1	134886	414.715	12.1751	0.00333817	
419.04	0.1	130573	413.537	12.2104	0.00343862	
421.027	0.1	130425	413.916	12.2116	0.0034457	
423.014	0.1	127585	415.741	12.2355	0.00353791	
425.002	0.1	120195	406.233	12.3003	0.00366956	
426.989	0.1	117664	407.809	12.3234	0.00376303	
428.976	0.1	108893	406.677	12.4075	0.00405483	
431.05	0.1	113300	418.191	12.3644	0.00400746	
437.011	0.1	98032.1	403.858	12.5216	0.00447286	
438.998	0.1	104540	407.955	12.4518	0.00423697	
440.986	0.1	100437	412.126	12.4953	0.00445513	
442.973	0.1	101176	412.025	12.4873	0.00442151	
445.046	0.1	98117.4	408.675	12.5206	0.00452226	
447.034	0.1	100154	414.099	12.4983	0.0044891	
452.045	0.1	89949.7	407.41	12.615	0.00491764	
454.032	0.1	89389.8	403.554	12.6218	0.00490161	
456.019	0.1	89168.3	403.658	12.6245	0.00491504	
458.006	0.1	91094.5	412.012	12.6013	0.00491068	
459.994	0.1	87285	402.925	12.6477	0.00501197	
461.981	0.1	80969.1	402.608	12.7292	0.00539868	
464.054	0.1	89225.1	405.115	12.6238	0.00492965	
466.042	0.1	79088.7	405.811	12.7547	0.00557101	
468.029	0.1	79733.8	398.44	12.7459	0.00542556	
470.016	0.1	78057.6	405.453	12.769	0.00563962	
472.003	0.1	82860	407.149	12.7041	0.00533498	
473.99	0.1	73820	401.125	12.8296	0.00589971	
475.978	0.1	78120.8	406.347	12.7681	0.00564748	
478.051	0.1	77358.5	409.12	12.7787	0.00574206	
480.038	0.1	74716.6	394.45	12.8165	0.00573191	
482.026	0.1	70720	403.591	12.8761	0.00619617	
484.013	0.1	74960.6	404.421	12.8129	0.00585767	
489.024	0.1	77072.9	402.619	12.7827	0.00567174	
491.011	0.1	69741	407.801	12.8913	0.0063487	
492.998	0.1	71977.3	406.607	12.857	0.00613343	
494.986	0.1	73052.9	412.315	12.8409	0.00612795	
496.973	0.1	69119.6	407.621	12.901	0.00640295	
501.034	0.1	67915.4	410	12.9201	0.0065545	
503.021	0.1	68747.9	404.498	12.9069	0.00638823	
505.008	0.1	70267.5	408.09	12.8831	0.00630559	
506.995	0.1	65376.3	402.537	12.9614	0.00668512	
508.982	0.1	69433.5	410.186	12.8961	0.00641411	
510.97	0.1	69834.3	412.241	12.8898	0.00640925	
513.043	0.1	70777	405.559	12.8753	0.00622137	
515.03	0.1	64641.2	400.404	12.9737	0.00672532	
517.018	0.1	67111.2	402.473	12.933	0.00651127	
519.005	0.1	70937.1	403.305	12.8728	0.00617283	
527.99	0.1	73681.4	408.854	12.8316	0.00602468	
529.978	0.1	70470.3	403.804	12.88	0.00622141	
532.051	0.1	72433.8	399.442	12.8501	0.00598739	
534.038	0.1	76303.4	403.816	12.7936	0.00574598	
536.026	0.1	78730.5	403.226	12.7596	0.00556071	
538.013	0.1	73737.8	400.699	12.8308	0.0059	
540	0.1	76932.1	408.336	12.7847	0.00576281	
541.987	0.1	85226.7	408.018	12.6736	0.0051979	
543.974	0.1	84237.7	404.458	12.6862	0.00521304	
546.048	0.1	83564.4	411.218	12.6949	0.00534288	
548.035	0.1	83445.9	405.727	12.6965	0.00527901	
550.022	0.1	88411.3	400.789	12.6337	0.00492189	
552.01	0.1	90993.2	402.088	12.6025	0.00479774	
553.997	0.1	89465.4	408.695	12.6209	0.00495984	
555.984	0.1	89227.7	413.02	12.6238	0.00502569	
557.971	0.1	91607.3	407.292	12.5952	0.00482725	
560.045	0.1	98141.8	409.143	12.5204	0.00452632	
562.982	0.1	102077	408.136	12.4777	0.00434112	
564.97	0.1	104777	408.07	12.4493	0.00422858	
564.97	0.1	104777	408.07	12.4493	0.00422858	
642.989	0.11	149423	415.089	12.064	0.00301612	
644.026	0.11	162175	426.759	11.975	0.00285709	
646.013	0.11	168805	420.842	11.9315	0.00270682	
647.05	0.11	168026	421.008	11.9366	0.00272043	
649.037	0.11	167057	413.179	11.9428	0.00268533	
651.024	0.11	184848	422.736	11.833	0.002483	
653.011	0.11	173420	418.719	11.9022	0.00262148	
654.998	0.11	176378	425.184	11.8839	0.00261732	
656.986	0.11	189174	425.043	11.8078	0.00243947	
659.059	0.11	212832	423.804	11.6799	0.00216198	
661.046	0.11	254105	439.72	11.4875	0.00187883	
661.997	0.11	191051	424.635	11.7971	0.00241318	
666.058	0.11	161816	414.767	11.9774	0.00278296	
672.019	0.11	148721	423.272	12.0691	0.00309009	
674.006	0.11	149937	419.232	12.0602	0.00303578	
675.043	0.11	154016	417.162	12.0311	0.00294079	
677.03	0.11	157882	412.376	12.0042	0.00283587	
679.018	0.11	141658	421.848	12.1219	0.00323326	
681.005	0.11	147078	422.229	12.0811	0.00311692	
682.992	0.11	139972	414.672	12.1349	0.00321653	
684.979	0.11	146377	417.222	12.0863	0.00309469	
687.053	0.11	140394	411.112	12.1316	0.00317933	
688.003	0.11	126689	415.198	12.2432	0.00355828	
689.99	0.11	139507	416.258	12.1385	0.0032396	
691.978	0.11	134242	410.766	12.1803	0.00332224	
694.051	0.11	133763	410.119	12.1842	0.00332887	
696.038	0.11	135776	414.543	12.1679	0.0033149	
698.026	0.11	134942	416.935	12.1746	0.00335463	
700.013	0.11	130787	413.92	12.2086	0.00343618	
702	0.11	138254	413.951	12.1483	0.00325083	
703.037	0.11	133377	414.853	12.1873	0.00337706	
705.024	0.11	131662	416.307	12.2013	0.00343302	
713.059	0.11	139934	423.512	12.1352	0.00328601	
715.046	0.11	136677	413.978	12.1608	0.00328855	
715.997	0.11	130490	411.869	12.2111	0.00342695	
717.984	0.11	136272	418.352	12.164	0.00333318	
720.058	0.11	130755	411.654	12.2089	0.00341821	
722.045	0.11	132045	411.503	12.1982	0.00338357	
724.032	0.11	136033	416.939	12.1659	0.00332776	
726.019	0.11	133556	413.492	12.1858	0.00336146	
728.006	0.11	144176	417.494	12.1028	0.00314399	
729.994	0.11	141072	418.972	12.1264	0.00322455	
731.03	0.11	144549	417.326	12.1	0.00313463	
733.018	0.11	139419	412.722	12.1392	0.0032141	
735.005	0.11	130817	416.575	12.2083	0.00345743	
736.992	0.11	131684	408.38	12.2012	0.00336709	
738.979	0.11	135392	403.941	12.171	0.00323929	
741.053	0.11	144463	419.066	12.1006	0.00314955	
743.04	0.11	133855	419.345	12.1834	0.00340143	
743.99	0.11	131079	419.984	12.2062	0.00347875	
745.978	0.11	129146	418.929	12.2223	0.00352194	
748.051	0.11	143734	408.1	12.1061	0.0030827	
750.038	0.11	130379	412.105	12.212	0.00343181	
752.026	0.11	130905	409.767	12.2076	0.00339864	
754.013	0.11	134232	411.923	12.1804	0.00333185	
756	0.11	133735	415.066	12.1844	0.00336973	
757.987	0.11	125533	411.098	12.2531	0.00355558	
759.024	0.11	137483	413.615	12.1544	0.00326642	
761.011	0.11	134472	414.567	12.1784	0.00334723	
762.998	0.11	137862	409.715	12.1514	0.00322673	
764.986	0.11	128006	415.755	12.2319	0.0035264	
767.059	0.11	143095	415.161	12.1109	0.00315003	
769.046	0.11	137047	410.778	12.1578	0.00325433	
771.034	0.11	140622	413.007	12.1299	0.00318881	
771.984	0.11	137847	414.438	12.1515	0.00326428	
774.058	0.11	136883	412.605	12.1591	0.00327273	
776.045	0.11	134344	410.338	12.1795	0.00331625	
778.032	0.11	147661	419.652	12.0768	0.00308566	
780.019	0.11	140786	417.62	12.1286	0.00322066	
782.006	0.11	142014	415.717	12.1192	0.00317828	
783.994	0.11	148507	416.388	12.0706	0.00304422	
785.981	0.11	141700	420.143	12.1216	0.00321922	
787.018	0.11	142771	414.78	12.1134	0.00315428	
789.005	0.11	144354	420.686	12.1014	0.00316412	
790.992	0.11	146935	416.96	12.0822	0.00308102	
792.979	0.11	142364	423.546	12.1165	0.00323016	
795.053	0.11	144733	419.082	12.0986	0.00314381	
797.04	0.11	153473	418.078	12.0349	0.00295767	
799.027	0.11	151658	414.861	12.0478	0.00297003	
799.978	0.11	145352	413.133	12.094	0.00308599	
802.051	0.11	151085	426.47	12.052	0.00306473	
804.038	0.11	138792	410.283	12.1441	0.00320954	
806.026	0.11	155990	424.633	12.0173	0.00295558	
808.013	0.11	149645	416.75	12.0623	0.00302371	
810	0.11	152618	412.397	12.041	0.00293383	
811.987	0.11	154926	415.641	12.0247	0.00291286	
813.024	0.11	147708	408.752	12.0765	0.00300456	
815.011	0.11	163840	423.521	11.964	0.0028066	
816.998	0.11	145924	416.709	12.0897	0.0031005	
818.986	0.11	152995	415.834	12.0383	0.00295099	
821.059	0.11	151955	413.629	12.0457	0.00295543	
823.046	0.11	138593	421.566	12.1456	0.00330254	
825.034	0.11	145724	422.528	12.0912	0.0031481	
827.021	0.11	142707	412.614	12.1139	0.00313924	
828.058	0.11	145008	417.044	12.0965	0.00312258	
830.045	0.11	140313	416.47	12.1323	0.00322262	
832.032	0.11	153280	419.46	12.0363	0.00297118	
834.019	0.11	146561	424.109	12.085	0.00314183	
836.006	0.11	146573	415.711	12.0849	0.00307937	
837.994	0.11	140514	420.336	12.1307	0.00324789	
839.981	0.11	140067	413.838	12.1342	0.00320788	
841.018	0.11	140189	416.257	12.1332	0.00322383	
843.005	0.11	149214	414.846	12.0655	0.00301857	
844.992	0.11	149065	411.663	12.0666	0.0029984	
846.979	0.11	130458	415.485	12.2113	0.00345786	
849.053	0.11	147246	417.801	12.0799	0.00308071	
851.04	0.11	149013	412.597	12.0669	0.00300626	
853.027	0.11	139708	416.417	12.1369	0.00323617	
855.014	0.11	139687	412.817	12.1371	0.00320867	
856.051	0.11	150323	416.578	12.0574	0.00300882	
858.038	0.11	140025	419.715	12.1345	0.00325443	
860.026	0.11	143853	421.978	12.1052	0.00318489	
864	0.11	151606	413.918	12.0482	0.00296431	
865.987	0.11	141489	415.846	12.1232	0.00319107	
867.974	0.11	158113	420.694	12.0026	0.00288883	
869.011	0.11	142160	426.77	12.1181	0.00325943	
870.998	0.11	154496	423.029	12.0277	0.00297287	
872.986	0.11	150547	413.732	12.0558	0.00298382	
875.059	0.11	156491	420.306	12.0138	0.00291609	
877.046	0.11	153807	416.937	12.0326	0.0029432	
879.034	0.11	151679	414.616	12.0477	0.00296788	
881.021	0.11	145035	411.904	12.0963	0.00308352	
882.058	0.11	143907	417.257	12.1048	0.00314809	
884.045	0.11	140831	416.723	12.1283	0.00321272	
886.032	0.11	147991	415.674	12.0744	0.00304959	
888.019	0.11	145559	412.002	12.0924	0.00307314	
890.006	0.11	149291	421.476	12.0649	0.00306523	
891.994	0.11	149465	412.839	12.0636	0.00299891	
893.981	0.11	147171	415.188	12.0804	0.00306299	
896.054	0.11	154100	416.11	12.0305	0.00293177	
897.005	0.11	153803	413.056	12.0326	0.00291588	
898.992	0.11	150220	422.224	12.0582	0.00305168	
900.979	0.11	159445	423.63	11.9935	0.0028847	
903.053	0.11	150825	422.359	12.0538	0.00304041	
905.04	0.11	154464	417.857	12.0279	0.00293715	
907.027	0.11	149496	418.513	12.0634	0.00303952	
909.014	0.11	150869	417.147	12.0535	0.00300203	
911.002	0.11	150573	423.055	12.0556	0.00305053	
912.038	0.11	150827	424.861	12.0538	0.00305838	
914.026	0.11	157699	417.777	12.0054	0.00287634	
916.013	0.11	148290	415.51	12.0722	0.00304225	
918	0.11	150889	416.325	12.0534	0.00299571	
919.987	0.11	157687	413.06	12.0055	0.00284408	
921.974	0.11	162508	418.5	11.9728	0.00279605	
924.048	0.11	150704	410.804	12.0547	0.00295961	
924.998	0.11	169724	422.805	11.9256	0.00270471	
926.986	0.11	153860	410.356	12.0322	0.00289573	
929.059	0.11	148094	410.472	12.0737	0.00300933	
931.046	0.11	147794	414.532	12.0759	0.00304527	
933.034	0.11	153914	428.22	12.0318	0.00302073	
935.021	0.11	152593	420.754	12.0412	0.00299377	
937.008	0.11	144558	414.772	12.0999	0.00311524	
938.045	0.11	146904	419.101	12.0824	0.00309749	
940.032	0.11	159554	417.496	11.9927	0.00284098	
942.019	0.11	147694	414.787	12.0766	0.0030492	
944.006	0.11	145330	414.527	12.0941	0.00309686	
945.994	0.11	149084	426.105	12.0664	0.0031032	
947.981	0.11	152120	415.511	12.0445	0.00296566	
950.054	0.11	151433	420.596	12.0494	0.00301556	
952.042	0.11	150065	419.88	12.0593	0.00303788	
952.992	0.11	157172	411.571	12.0091	0.00284312	
954.979	0.11	157746	416.43	12.0051	0.00286621	
957.053	0.11	147148	414.079	12.0806	0.00305529	
959.04	0.11	154674	418.764	12.0265	0.00293952	
961.027	0.11	144702	414.51	12.0988	0.00311017	
963.014	0.11	152676	416.56	12.0406	0.00296231	
965.002	0.11	147884	424.84	12.0752	0.0031191	
966.038	0.11	141549	418.39	12.1227	0.00320922	
968.026	0.11	148229	413.111	12.0727	0.00302593	
970.013	0.11	153441	420.251	12.0351	0.00297365	
972	0.11	149279	416.505	12.065	0.00302933	
973.987	0.11	154716	423.493	12.0262	0.00297192	
975.974	0.11	150548	413.429	12.0558	0.00298161	
978.048	0.11	153755	417.081	12.0329	0.00294521	
980.035	0.11	147869	418.144	12.0753	0.00307025	
980.986	0.11	138552	413.574	12.146	0.0032409	
983.059	0.11	151113	415.768	12.0517	0.00298727	
985.046	0.11	146056	417.936	12.0887	0.00310681	
987.034	0.11	142526	416.313	12.1153	0.0031714	
989.021	0.11	150357	421.948	12.0572	0.00304692	
991.008	0.11	132376	419.817	12.1955	0.0034433	
992.995	0.11	138258	419.581	12.1483	0.00329495	
994.032	0.11	136855	422.914	12.1593	0.00335518	
