#	99036D_1_4_R_20180617
# Obs. time:	17-Jun-2018 22:33:36
# Duration:	67.5619
#=========================================================
# Per[s]	PerErr[s]	ADUerr	MAGerr	Points	Exp[s]	APD[s]	MedPD[s]	ModePD[s]	STDPD[s]
#9999	0.5	130.0859	0.41783	124	2	32.957	4.8384	4.8384	283.086
#=========================================================
# Time	ADU	ADU_err	MAG	MAG_err

0	2	371.821	132.377	18.5742	0.386547	
4.8384	2	592.224	134.726	18.0688	0.246997	
19.44	2	448.711	136.783	18.3701	0.330971	
24.2784	2	518.703	134.869	18.2127	0.282304	
29.1168	2	660.846	133.877	17.9497	0.219953	
33.9552	2	813.34	130.656	17.7243	0.174414	
43.632	2	926.625	132.928	17.5827	0.155753	
48.5568	2	899.22	131.805	17.6153	0.159144	
53.3088	2	1021.57	131.959	17.4768	0.140248	
67.824	2	854.852	131.634	17.6703	0.167187	
72.6624	2	865.09	133.074	17.6573	0.167015	
77.5872	2	963.767	134.557	17.5401	0.151586	
82.4256	2	889.224	130.549	17.6275	0.159399	
92.1024	2	933.783	131.105	17.5744	0.15244	
96.9408	2	1010.12	130.147	17.4891	0.139889	
101.779	2	824.205	132.07	17.7099	0.173978	
106.704	2	795.027	129.886	17.749	0.17738	
111.456	2	756.923	126.991	17.8024	0.182157	
116.381	2	847.732	129.318	17.6794	0.165625	
121.219	2	660.93	129.902	17.9496	0.213396	
130.896	2	624.102	132.971	18.0119	0.231327	
135.734	2	524.764	129.826	18.2001	0.26861	
140.573	2	596.198	133.259	18.0615	0.242678	
150.336	2	510.608	130.521	18.2298	0.277534	
155.174	2	651.41	130.726	17.9654	0.217888	
160.013	2	550.592	129.042	18.1479	0.254464	
164.851	2	414.723	129.383	18.4556	0.338722	
174.528	2	594.393	132.055	18.0648	0.241215	
179.453	2	751.057	131.612	17.8108	0.19026	
184.291	2	855.583	130.039	17.6693	0.165019	
189.13	2	1061.06	133.326	17.4356	0.136427	
193.968	2	899.93	129	17.6145	0.155634	
198.806	2	1026.44	135.355	17.4717	0.143174	
208.483	2	798.491	129.464	17.7443	0.176036	
213.322	2	692.348	132.811	17.8992	0.208274	
218.16	2	786.528	130.887	17.7607	0.180678	
222.998	2	722.177	132.525	17.8534	0.199241	
227.837	2	555.701	133.491	18.1379	0.260816	
232.762	2	536.603	131.734	18.1759	0.266544	
237.6	2	388.598	134.808	18.5262	0.376652	
242.438	2	516.591	131.853	18.2171	0.27712	
247.277	2	190.514	134.806	19.3002	0.768259	
252.202	2	263.921	135.992	18.9463	0.559452	
257.04	2	251.424	134.201	18.999	0.579524	
261.878	2	298.874	133.296	18.8113	0.48423	
266.717	2	351.007	134.863	18.6367	0.417161	
271.555	2	306.751	134.723	18.783	0.476849	
276.394	2	231.922	135.8	19.0866	0.635744	
286.157	2	96.3953	138.119	20.0399	1.55568	
290.995	2	152.418	135.612	19.5424	0.966018	
310.349	2	358.012	137.552	18.6153	0.417152	
320.112	2	346.884	134.138	18.6495	0.419849	
324.95	2	328.251	134.707	18.7095	0.445561	
334.627	2	639.487	133.924	17.9854	0.22738	
339.466	2	588.298	135.25	18.076	0.249611	
344.304	2	243.831	135.466	19.0323	0.603206	
363.744	2	6.76531	134.459	22.9243	21.5788	
368.582	2	149.187	136.18	19.5657	0.991079	
417.139	2	184.792	140.231	19.3333	0.823923	
489.974	2	385.418	138.38	18.5352	0.389822	
494.813	2	455.834	135.75	18.353	0.323339	
3640.55	2	871.224	126.86	17.6497	0.158095	
3645.39	2	901.423	128.002	17.6127	0.154175	
3650.23	2	844.447	127.006	17.6836	0.163296	
3655.07	2	796.408	125.37	17.7472	0.170915	
3659.99	2	930.957	126.444	17.5777	0.147466	
3664.83	2	800.919	126.031	17.741	0.17085	
3679.34	2	866.847	126.222	17.6551	0.158094	
3684.18	2	967.55	128.077	17.5358	0.143722	
3689.11	2	830.233	129.582	17.702	0.169461	
3698.78	2	846.737	129.955	17.6806	0.166636	
3708.55	2	812.964	126.6	17.7248	0.169077	
3713.39	2	914.004	125.913	17.5976	0.14957	
3718.22	2	889.436	126.123	17.6272	0.153958	
3723.06	2	891.616	127.453	17.6246	0.155202	
3727.9	2	1044.67	128.015	17.4526	0.133047	
3747.34	2	780.61	127.197	17.7689	0.176916	
3752.18	2	800.032	126.437	17.7422	0.171589	
3757.1	2	940.664	126.032	17.5664	0.14547	
3761.94	2	812.917	127.295	17.7249	0.170016	
3766.78	2	855.632	127.05	17.6693	0.161218	
3771.62	2	902.484	126.52	17.6114	0.15221	
3776.54	2	974.353	127.768	17.5282	0.142374	
3781.38	2	778.45	128.782	17.7719	0.179618	
3786.22	2	738.734	125.076	17.8288	0.183827	
3791.06	2	779.884	128.375	17.7699	0.178721	
3795.9	2	864.573	128.66	17.658	0.161572	
3800.74	2	828.571	126.803	17.7042	0.166159	
3815.34	2	920.305	126.453	17.5902	0.149184	
3820.26	2	800.813	125.902	17.7412	0.170698	
3829.94	2	785.928	128.924	17.7615	0.178104	
3834.78	2	959.066	130.471	17.5454	0.147703	
3844.45	2	849.406	128.078	17.6772	0.163714	
3849.38	2	966.166	130.447	17.5374	0.146591	
3854.22	2	943.042	127.841	17.5637	0.147186	
3859.06	2	935.013	126.636	17.573	0.14705	
3863.89	2	715.443	125.395	17.8636	0.190296	
3868.73	2	843.774	128.345	17.6844	0.16515	
3873.66	2	1155.71	129.774	17.3429	0.121917	
3902.77	2	683.105	125.731	17.9138	0.199839	
3907.61	2	943.907	128.889	17.5627	0.148255	
3912.45	2	775.438	126.28	17.7761	0.176812	
3917.29	2	892.833	126.801	17.6231	0.154198	
3927.05	2	797.159	128.041	17.7461	0.174393	
3931.89	2	707.841	128.097	17.8752	0.196485	
3946.49	2	766.968	126.637	17.7881	0.179269	
3951.33	2	869.816	126.814	17.6514	0.158294	
3956.26	2	884.586	128.062	17.6331	0.157183	
3961.09	2	887.291	126.272	17.6298	0.154513	
3965.93	2	884.137	125.936	17.6337	0.154652	
3970.77	2	995.047	127.349	17.5054	0.138956	
3975.61	2	784.716	124.796	17.7632	0.172668	
3980.53	2	784.324	126.83	17.7638	0.17557	
3985.37	2	918.127	127.328	17.5927	0.150572	
4004.81	2	962.288	126.303	17.5417	0.142506	
4010	2	760.575	125.897	17.7971	0.179721	
4014.84	2	952.849	127.053	17.5524	0.144772	
4019.76	2	909.944	125.999	17.6025	0.150341	
4024.6	2	877.661	127.622	17.6417	0.157878	
4034.28	2	845.25	126.995	17.6825	0.163127	
4039.2	2	831.413	126.002	17.7005	0.164546	
4044.04	2	992.759	126.432	17.5079	0.138273	
4048.88	2	838.04	127.421	17.6918	0.165082	
4053.72	2	843.263	127.801	17.6851	0.16455	
